0 FILE m3F5402CE_2026312_041559.dat
0 Spark AI switch sensor 2
0 Name:  m3F5402CE_2026312_041559.dat
0 Author:  
0 BFC CERTIFY CCW
3 16 17.710 -34.300 -34.293 9.542 -34.300 -34.293 18.060 -34.300 -35.085
3 16 0.293 -34.300 -49.543 22.582 -34.300 -40.225 21.872 -34.300 -39.727
3 16 0.293 -34.300 -49.543 23.323 -34.300 -40.673 22.582 -34.300 -40.225
3 16 21.199 -34.300 -39.183 0.293 -34.300 -49.543 21.872 -34.300 -39.727
3 16 21.199 -34.300 -39.183 20.563 -34.300 -38.594 0.293 -34.300 -49.543
3 16 20.563 -34.300 -38.594 19.969 -34.300 -37.964 0.293 -34.300 -49.543
3 16 18.463 -34.300 -35.852 18.060 -34.300 -35.085 0.293 -34.300 -49.543
3 16 31.698 -34.300 -42.109 58.793 -34.300 -49.543 32.546 -34.300 -41.934
3 16 19.420 -34.300 -37.294 0.293 -34.300 -49.543 19.969 -34.300 -37.964
3 16 19.420 -34.300 -37.294 18.917 -34.300 -36.589 0.293 -34.300 -49.543
3 16 18.917 -34.300 -36.589 18.463 -34.300 -35.852 0.293 -34.300 -49.543
3 16 9.542 -34.300 -34.293 0.293 -34.300 -49.543 18.060 -34.300 -35.085
3 16 9.542 -34.300 -34.293 9.323 -34.300 -33.250 0.293 -34.300 -49.543
3 16 9.323 -34.300 -33.250 9.158 -34.300 -32.198 0.293 -34.300 -49.543
3 16 9.048 -34.300 -31.139 0.293 -34.300 -49.543 9.158 -34.300 -32.198
3 16 9.048 -34.300 -31.139 8.993 -34.300 -30.075 0.293 -34.300 -49.543
3 16 8.993 -34.300 -30.075 0.293 -34.300 -9.542 0.293 -34.300 -49.543
3 16 8.993 -34.300 -30.075 8.993 -34.300 -29.010 0.293 -34.300 -9.542
3 16 8.993 -34.300 -29.010 9.048 -34.300 -27.946 0.293 -34.300 -9.542
3 16 9.158 -34.300 -26.887 0.293 -34.300 -9.542 9.048 -34.300 -27.946
3 16 9.158 -34.300 -26.887 9.323 -34.300 -25.835 0.293 -34.300 -9.542
3 16 9.323 -34.300 -25.835 9.542 -34.300 -24.793 0.293 -34.300 -9.542
3 16 38.522 -34.300 -20.491 58.793 -34.300 -9.542 37.886 -34.300 -19.902
3 16 30.840 -34.300 -42.226 58.793 -34.300 -49.543 31.698 -34.300 -42.109
3 16 30.840 -34.300 -42.226 29.976 -34.300 -42.285 58.793 -34.300 -49.543
3 16 29.976 -34.300 -42.285 0.293 -34.300 -49.543 58.793 -34.300 -49.543
3 16 29.976 -34.300 -42.285 29.109 -34.300 -42.285 0.293 -34.300 -49.543
3 16 29.109 -34.300 -42.285 28.245 -34.300 -42.226 0.293 -34.300 -49.543
3 16 27.387 -34.300 -42.109 0.293 -34.300 -49.543 28.245 -34.300 -42.226
3 16 27.387 -34.300 -42.109 26.539 -34.300 -41.934 0.293 -34.300 -49.543
3 16 26.539 -34.300 -41.934 25.705 -34.300 -41.701 0.293 -34.300 -49.543
3 16 0.293 -34.300 -9.542 18.917 -34.300 -22.496 19.420 -34.300 -21.791
3 16 0.293 -34.300 -9.542 18.463 -34.300 -23.233 18.917 -34.300 -22.496
3 16 35.762 -34.300 -18.412 58.793 -34.300 -9.542 34.992 -34.300 -18.016
3 16 39.116 -34.300 -21.121 58.793 -34.300 -9.542 38.522 -34.300 -20.491
3 16 39.116 -34.300 -21.121 39.665 -34.300 -21.791 58.793 -34.300 -9.542
3 16 39.665 -34.300 -21.791 40.168 -34.300 -22.496 58.793 -34.300 -9.542
3 16 24.888 -34.300 -41.413 0.293 -34.300 -49.543 25.705 -34.300 -41.701
3 16 24.888 -34.300 -41.413 24.093 -34.300 -41.069 0.293 -34.300 -49.543
3 16 24.093 -34.300 -41.069 23.323 -34.300 -40.673 0.293 -34.300 -49.543
3 16 17.710 -34.300 -24.793 0.293 -34.300 -9.542 9.542 -34.300 -24.793
3 16 17.710 -34.300 -24.793 18.060 -34.300 -24.000 0.293 -34.300 -9.542
3 16 18.060 -34.300 -24.000 18.463 -34.300 -23.233 0.293 -34.300 -9.542
3 16 36.504 -34.300 -18.860 58.793 -34.300 -9.542 35.762 -34.300 -18.412
3 16 36.504 -34.300 -18.860 37.213 -34.300 -19.358 58.793 -34.300 -9.542
3 16 37.213 -34.300 -19.358 37.886 -34.300 -19.902 58.793 -34.300 -9.542
3 16 49.762 -34.300 -25.835 58.793 -34.300 -9.542 49.543 -34.300 -24.793
3 16 49.762 -34.300 -25.835 49.927 -34.300 -26.887 58.793 -34.300 -9.542
3 16 49.543 -34.300 -24.793 41.025 -34.300 -24.000 41.375 -34.300 -24.793
3 16 49.543 -34.300 -24.793 58.793 -34.300 -9.542 41.025 -34.300 -24.000
3 16 58.793 -34.300 -9.542 40.622 -34.300 -23.233 41.025 -34.300 -24.000
3 16 58.793 -34.300 -9.542 40.168 -34.300 -22.496 40.622 -34.300 -23.233
3 16 49.927 -34.300 -32.198 58.793 -34.300 -49.543 50.037 -34.300 -31.139
3 16 49.927 -34.300 -32.198 49.762 -34.300 -33.250 58.793 -34.300 -49.543
3 16 49.762 -34.300 -33.250 49.543 -34.300 -34.293 58.793 -34.300 -49.543
3 16 41.375 -34.300 -34.293 58.793 -34.300 -49.543 49.543 -34.300 -34.293
3 16 41.375 -34.300 -34.293 41.025 -34.300 -35.085 58.793 -34.300 -49.543
3 16 41.025 -34.300 -35.085 40.622 -34.300 -35.852 58.793 -34.300 -49.543
3 16 40.168 -34.300 -36.589 58.793 -34.300 -49.543 40.622 -34.300 -35.852
3 16 40.168 -34.300 -36.589 39.665 -34.300 -37.294 58.793 -34.300 -49.543
3 16 39.665 -34.300 -37.294 39.116 -34.300 -37.964 58.793 -34.300 -49.543
3 16 38.522 -34.300 -38.594 58.793 -34.300 -49.543 39.116 -34.300 -37.964
3 16 38.522 -34.300 -38.594 37.886 -34.300 -39.183 58.793 -34.300 -49.543
3 16 37.886 -34.300 -39.183 37.213 -34.300 -39.727 58.793 -34.300 -49.543
3 16 19.969 -34.300 -21.121 0.293 -34.300 -9.542 19.420 -34.300 -21.791
3 16 19.969 -34.300 -21.121 20.563 -34.300 -20.491 0.293 -34.300 -9.542
3 16 20.563 -34.300 -20.491 21.199 -34.300 -19.902 0.293 -34.300 -9.542
3 16 0.293 -34.300 -9.542 24.093 -34.300 -18.016 24.888 -34.300 -17.672
3 16 0.293 -34.300 -9.542 23.323 -34.300 -18.412 24.093 -34.300 -18.016
3 16 50.037 -34.300 -27.946 58.793 -34.300 -9.542 49.927 -34.300 -26.887
3 16 50.037 -34.300 -27.946 50.092 -34.300 -29.010 58.793 -34.300 -9.542
3 16 50.092 -34.300 -29.010 58.793 -34.300 -49.543 58.793 -34.300 -9.542
3 16 50.092 -34.300 -29.010 50.092 -34.300 -30.075 58.793 -34.300 -49.543
3 16 50.092 -34.300 -30.075 50.037 -34.300 -31.139 58.793 -34.300 -49.543
3 16 36.504 -34.300 -40.225 58.793 -34.300 -49.543 37.213 -34.300 -39.727
3 16 36.504 -34.300 -40.225 35.762 -34.300 -40.673 58.793 -34.300 -49.543
3 16 35.762 -34.300 -40.673 34.992 -34.300 -41.069 58.793 -34.300 -49.543
3 16 34.197 -34.300 -41.413 58.793 -34.300 -49.543 34.992 -34.300 -41.069
3 16 34.197 -34.300 -41.413 33.380 -34.300 -41.701 58.793 -34.300 -49.543
3 16 33.380 -34.300 -41.701 32.546 -34.300 -41.934 58.793 -34.300 -49.543
3 16 21.872 -34.300 -19.358 0.293 -34.300 -9.542 21.199 -34.300 -19.902
3 16 21.872 -34.300 -19.358 22.582 -34.300 -18.860 0.293 -34.300 -9.542
3 16 22.582 -34.300 -18.860 23.323 -34.300 -18.412 0.293 -34.300 -9.542
3 16 25.705 -34.300 -17.384 0.293 -34.300 -9.542 24.888 -34.300 -17.672
3 16 25.705 -34.300 -17.384 26.539 -34.300 -17.151 0.293 -34.300 -9.542
3 16 26.539 -34.300 -17.151 27.387 -34.300 -16.976 0.293 -34.300 -9.542
3 16 31.698 -34.300 -16.976 58.793 -34.300 -9.542 30.840 -34.300 -16.859
3 16 31.698 -34.300 -16.976 32.546 -34.300 -17.151 58.793 -34.300 -9.542
3 16 28.245 -34.300 -16.859 0.293 -34.300 -9.542 27.387 -34.300 -16.976
3 16 28.245 -34.300 -16.859 29.109 -34.300 -16.800 0.293 -34.300 -9.542
3 16 29.109 -34.300 -16.800 58.793 -34.300 -9.542 0.293 -34.300 -9.542
3 16 29.109 -34.300 -16.800 29.976 -34.300 -16.800 58.793 -34.300 -9.542
3 16 29.976 -34.300 -16.800 30.840 -34.300 -16.859 58.793 -34.300 -9.542
3 16 33.380 -34.300 -17.384 58.793 -34.300 -9.542 32.546 -34.300 -17.151
3 16 33.380 -34.300 -17.384 34.197 -34.300 -17.672 58.793 -34.300 -9.542
3 16 34.197 -34.300 -17.672 34.992 -34.300 -18.016 58.793 -34.300 -9.542
3 16 0.293 -25.050 -0.293 0.293 -25.776 -0.321 58.793 -25.050 -0.293
3 16 0.293 -25.776 -0.321 58.793 -25.776 -0.321 58.793 -25.050 -0.293
3 16 0.293 -25.776 -0.321 0.293 -26.497 -0.406 58.793 -25.776 -0.321
3 16 0.293 -26.497 -0.406 58.793 -26.497 -0.406 58.793 -25.776 -0.321
3 16 0.293 -26.497 -0.406 0.293 -27.209 -0.548 58.793 -26.497 -0.406
3 16 0.293 -27.209 -0.548 58.793 -27.209 -0.548 58.793 -26.497 -0.406
3 16 0.293 -27.209 -0.548 0.293 -27.908 -0.745 58.793 -27.209 -0.548
3 16 0.293 -27.908 -0.745 58.793 -27.908 -0.745 58.793 -27.209 -0.548
3 16 0.293 -27.908 -0.745 0.293 -28.590 -0.997 58.793 -27.908 -0.745
3 16 0.293 -28.590 -0.997 58.793 -28.590 -0.997 58.793 -27.908 -0.745
3 16 0.293 -28.590 -0.997 0.293 -29.249 -1.301 58.793 -28.590 -0.997
3 16 0.293 -29.249 -1.301 58.793 -29.249 -1.301 58.793 -28.590 -0.997
3 16 0.293 -29.249 -1.301 0.293 -29.883 -1.656 58.793 -29.249 -1.301
3 16 0.293 -29.883 -1.656 58.793 -29.883 -1.656 58.793 -29.249 -1.301
3 16 0.293 -29.883 -1.656 0.293 -30.487 -2.059 58.793 -29.883 -1.656
3 16 0.293 -30.487 -2.059 58.793 -30.487 -2.059 58.793 -29.883 -1.656
3 16 0.293 -30.487 -2.059 0.293 -31.057 -2.509 58.793 -30.487 -2.059
3 16 0.293 -31.057 -2.509 58.793 -31.057 -2.509 58.793 -30.487 -2.059
3 16 0.293 -31.057 -2.509 0.293 -31.591 -3.002 58.793 -31.057 -2.509
3 16 0.293 -31.591 -3.002 58.793 -31.591 -3.002 58.793 -31.057 -2.509
3 16 0.293 -31.591 -3.002 0.293 -32.084 -3.535 58.793 -31.591 -3.002
3 16 0.293 -32.084 -3.535 58.793 -32.084 -3.535 58.793 -31.591 -3.002
3 16 0.293 -32.084 -3.535 0.293 -32.533 -4.105 58.793 -32.084 -3.535
3 16 0.293 -32.533 -4.105 58.793 -32.533 -4.105 58.793 -32.084 -3.535
3 16 0.293 -32.533 -4.105 0.293 -32.937 -4.709 58.793 -32.533 -4.105
3 16 0.293 -32.937 -4.709 58.793 -32.937 -4.709 58.793 -32.533 -4.105
3 16 0.293 -32.937 -4.709 0.293 -33.292 -5.343 58.793 -32.937 -4.709
3 16 0.293 -33.292 -5.343 58.793 -33.292 -5.343 58.793 -32.937 -4.709
3 16 0.293 -33.292 -5.343 0.293 -33.596 -6.003 58.793 -33.292 -5.343
3 16 0.293 -33.596 -6.003 58.793 -33.596 -6.003 58.793 -33.292 -5.343
3 16 0.293 -33.596 -6.003 0.293 -33.847 -6.684 58.793 -33.596 -6.003
3 16 0.293 -33.847 -6.684 58.793 -33.847 -6.684 58.793 -33.596 -6.003
3 16 0.293 -33.847 -6.684 0.293 -34.044 -7.383 58.793 -33.847 -6.684
3 16 0.293 -34.044 -7.383 58.793 -34.044 -7.383 58.793 -33.847 -6.684
3 16 0.293 -34.044 -7.383 0.293 -34.186 -8.095 58.793 -34.044 -7.383
3 16 0.293 -34.186 -8.095 58.793 -34.186 -8.095 58.793 -34.044 -7.383
3 16 0.293 -34.186 -8.095 0.293 -34.271 -8.817 58.793 -34.186 -8.095
3 16 0.293 -34.271 -8.817 58.793 -34.271 -8.817 58.793 -34.186 -8.095
3 16 0.293 -34.271 -8.817 0.293 -34.300 -9.542 58.793 -34.271 -8.817
3 16 0.293 -34.300 -9.542 58.793 -34.300 -9.542 58.793 -34.271 -8.817
3 16 0.293 -10.050 -9.542 0.293 -25.050 -0.293 0.293 -10.050 -0.293
3 16 0.293 -10.050 -9.542 0.293 -15.050 -14.543 0.293 -25.050 -0.293
3 16 0.293 -15.050 -14.543 0.293 -25.776 -0.321 0.293 -25.050 -0.293
3 16 0.293 -15.050 -14.543 0.293 -26.497 -0.406 0.293 -25.776 -0.321
3 16 0.293 -34.186 -50.990 0.293 -15.050 -44.543 0.293 -34.044 -51.702
3 16 0.293 -10.050 -58.793 0.293 -15.050 -44.543 0.293 -10.050 -49.543
3 16 0.293 -10.050 -58.793 0.293 -25.050 -58.793 0.293 -15.050 -44.543
3 16 0.293 -34.186 -8.095 0.293 -15.050 -14.543 0.293 -34.271 -8.817
3 16 0.293 -31.057 -2.509 0.293 -30.487 -2.059 0.293 -15.050 -14.543
3 16 0.293 -29.883 -1.656 0.293 -15.050 -14.543 0.293 -30.487 -2.059
3 16 0.293 -29.883 -1.656 0.293 -29.249 -1.301 0.293 -15.050 -14.543
3 16 0.293 -29.249 -1.301 0.293 -28.590 -0.997 0.293 -15.050 -14.543
3 16 0.293 -34.271 -50.268 0.293 -15.050 -44.543 0.293 -34.186 -50.990
3 16 0.293 -34.271 -50.268 0.293 -34.300 -49.543 0.293 -15.050 -44.543
3 16 0.293 -34.300 -49.543 0.293 -15.050 -14.543 0.293 -15.050 -44.543
3 16 0.293 -34.300 -49.543 0.293 -34.300 -9.542 0.293 -15.050 -14.543
3 16 0.293 -34.300 -9.542 0.293 -34.271 -8.817 0.293 -15.050 -14.543
3 16 0.293 -25.776 -58.764 0.293 -15.050 -44.543 0.293 -25.050 -58.793
3 16 0.293 -25.776 -58.764 0.293 -26.497 -58.679 0.293 -15.050 -44.543
3 16 0.293 -26.497 -58.679 0.293 -27.209 -58.537 0.293 -15.050 -44.543
3 16 0.293 -34.044 -7.383 0.293 -15.050 -14.543 0.293 -34.186 -8.095
3 16 0.293 -34.044 -7.383 0.293 -33.847 -6.684 0.293 -15.050 -14.543
3 16 0.293 -33.847 -6.684 0.293 -33.596 -6.003 0.293 -15.050 -14.543
3 16 0.293 -27.908 -0.745 0.293 -15.050 -14.543 0.293 -28.590 -0.997
3 16 0.293 -27.908 -0.745 0.293 -27.209 -0.548 0.293 -15.050 -14.543
3 16 0.293 -27.209 -0.548 0.293 -26.497 -0.406 0.293 -15.050 -14.543
3 16 0.293 -31.591 -56.083 0.293 -15.050 -44.543 0.293 -31.057 -56.576
3 16 0.293 -31.591 -56.083 0.293 -32.084 -55.550 0.293 -15.050 -44.543
3 16 0.293 -32.084 -3.535 0.293 -15.050 -14.543 0.293 -32.533 -4.105
3 16 0.293 -32.084 -3.535 0.293 -31.591 -3.002 0.293 -15.050 -14.543
3 16 0.293 -31.591 -3.002 0.293 -31.057 -2.509 0.293 -15.050 -14.543
3 16 0.293 -27.908 -58.340 0.293 -15.050 -44.543 0.293 -27.209 -58.537
3 16 0.293 -27.908 -58.340 0.293 -28.590 -58.088 0.293 -15.050 -44.543
3 16 0.293 -28.590 -58.088 0.293 -29.249 -57.784 0.293 -15.050 -44.543
3 16 0.293 -32.533 -54.980 0.293 -15.050 -44.543 0.293 -32.084 -55.550
3 16 0.293 -32.533 -54.980 0.293 -32.937 -54.376 0.293 -15.050 -44.543
3 16 0.293 -32.937 -54.376 0.293 -33.292 -53.742 0.293 -15.050 -44.543
3 16 0.293 -33.292 -5.343 0.293 -15.050 -14.543 0.293 -33.596 -6.003
3 16 0.293 -33.292 -5.343 0.293 -32.937 -4.709 0.293 -15.050 -14.543
3 16 0.293 -32.937 -4.709 0.293 -32.533 -4.105 0.293 -15.050 -14.543
3 16 0.293 -29.883 -57.429 0.293 -15.050 -44.543 0.293 -29.249 -57.784
3 16 0.293 -29.883 -57.429 0.293 -30.487 -57.026 0.293 -15.050 -44.543
3 16 0.293 -30.487 -57.026 0.293 -31.057 -56.576 0.293 -15.050 -44.543
3 16 0.293 -33.596 -53.082 0.293 -15.050 -44.543 0.293 -33.292 -53.742
3 16 0.293 -33.596 -53.082 0.293 -33.847 -52.401 0.293 -15.050 -44.543
3 16 0.293 -33.847 -52.401 0.293 -34.044 -51.702 0.293 -15.050 -44.543
3 16 0.293 -34.300 -49.543 0.293 -34.271 -50.268 58.793 -34.300 -49.543
3 16 0.293 -34.271 -50.268 58.793 -34.271 -50.268 58.793 -34.300 -49.543
3 16 0.293 -34.271 -50.268 0.293 -34.186 -50.990 58.793 -34.271 -50.268
3 16 0.293 -34.186 -50.990 58.793 -34.186 -50.990 58.793 -34.271 -50.268
3 16 0.293 -34.186 -50.990 0.293 -34.044 -51.702 58.793 -34.186 -50.990
3 16 0.293 -34.044 -51.702 58.793 -34.044 -51.702 58.793 -34.186 -50.990
3 16 0.293 -34.044 -51.702 0.293 -33.847 -52.401 58.793 -34.044 -51.702
3 16 0.293 -33.847 -52.401 58.793 -33.847 -52.401 58.793 -34.044 -51.702
3 16 0.293 -33.847 -52.401 0.293 -33.596 -53.082 58.793 -33.847 -52.401
3 16 0.293 -33.596 -53.082 58.793 -33.596 -53.082 58.793 -33.847 -52.401
3 16 0.293 -33.596 -53.082 0.293 -33.292 -53.742 58.793 -33.596 -53.082
3 16 0.293 -33.292 -53.742 58.793 -33.292 -53.742 58.793 -33.596 -53.082
3 16 0.293 -33.292 -53.742 0.293 -32.937 -54.376 58.793 -33.292 -53.742
3 16 0.293 -32.937 -54.376 58.793 -32.937 -54.376 58.793 -33.292 -53.742
3 16 0.293 -32.937 -54.376 0.293 -32.533 -54.980 58.793 -32.937 -54.376
3 16 0.293 -32.533 -54.980 58.793 -32.533 -54.980 58.793 -32.937 -54.376
3 16 0.293 -32.533 -54.980 0.293 -32.084 -55.550 58.793 -32.533 -54.980
3 16 0.293 -32.084 -55.550 58.793 -32.084 -55.550 58.793 -32.533 -54.980
3 16 0.293 -32.084 -55.550 0.293 -31.591 -56.083 58.793 -32.084 -55.550
3 16 0.293 -31.591 -56.083 58.793 -31.591 -56.083 58.793 -32.084 -55.550
3 16 0.293 -31.591 -56.083 0.293 -31.057 -56.576 58.793 -31.591 -56.083
3 16 0.293 -31.057 -56.576 58.793 -31.057 -56.576 58.793 -31.591 -56.083
3 16 0.293 -31.057 -56.576 0.293 -30.487 -57.026 58.793 -31.057 -56.576
3 16 0.293 -30.487 -57.026 58.793 -30.487 -57.026 58.793 -31.057 -56.576
3 16 0.293 -30.487 -57.026 0.293 -29.883 -57.429 58.793 -30.487 -57.026
3 16 0.293 -29.883 -57.429 58.793 -29.883 -57.429 58.793 -30.487 -57.026
3 16 0.293 -29.883 -57.429 0.293 -29.249 -57.784 58.793 -29.883 -57.429
3 16 0.293 -29.249 -57.784 58.793 -29.249 -57.784 58.793 -29.883 -57.429
3 16 0.293 -29.249 -57.784 0.293 -28.590 -58.088 58.793 -29.249 -57.784
3 16 0.293 -28.590 -58.088 58.793 -28.590 -58.088 58.793 -29.249 -57.784
3 16 0.293 -28.590 -58.088 0.293 -27.908 -58.340 58.793 -28.590 -58.088
3 16 0.293 -27.908 -58.340 58.793 -27.908 -58.340 58.793 -28.590 -58.088
3 16 0.293 -27.908 -58.340 0.293 -27.209 -58.537 58.793 -27.908 -58.340
3 16 0.293 -27.209 -58.537 58.793 -27.209 -58.537 58.793 -27.908 -58.340
3 16 0.293 -27.209 -58.537 0.293 -26.497 -58.679 58.793 -27.209 -58.537
3 16 0.293 -26.497 -58.679 58.793 -26.497 -58.679 58.793 -27.209 -58.537
3 16 0.293 -26.497 -58.679 0.293 -25.776 -58.764 58.793 -26.497 -58.679
3 16 0.293 -25.776 -58.764 58.793 -25.776 -58.764 58.793 -26.497 -58.679
3 16 0.293 -25.776 -58.764 0.293 -25.050 -58.793 58.793 -25.776 -58.764
3 16 0.293 -25.050 -58.793 58.793 -25.050 -58.793 58.793 -25.776 -58.764
3 16 58.793 -27.209 -58.537 58.793 -15.050 -44.543 58.793 -27.908 -58.340
3 16 58.793 -10.050 -49.543 58.793 -25.050 -58.793 58.793 -10.050 -58.793
3 16 58.793 -10.050 -49.543 58.793 -15.050 -44.543 58.793 -25.050 -58.793
3 16 58.793 -10.050 -0.293 58.793 -15.050 -14.543 58.793 -10.050 -9.542
3 16 58.793 -10.050 -0.293 58.793 -25.050 -0.293 58.793 -15.050 -14.543
3 16 58.793 -25.050 -0.293 58.793 -25.776 -0.321 58.793 -15.050 -14.543
3 16 58.793 -33.847 -6.684 58.793 -15.050 -14.543 58.793 -33.596 -6.003
3 16 58.793 -33.847 -6.684 58.793 -34.044 -7.383 58.793 -15.050 -14.543
3 16 58.793 -34.044 -7.383 58.793 -34.186 -8.095 58.793 -15.050 -14.543
3 16 58.793 -26.497 -58.679 58.793 -15.050 -44.543 58.793 -27.209 -58.537
3 16 58.793 -26.497 -58.679 58.793 -25.776 -58.764 58.793 -15.050 -44.543
3 16 58.793 -25.776 -58.764 58.793 -25.050 -58.793 58.793 -15.050 -44.543
3 16 58.793 -34.271 -8.817 58.793 -15.050 -14.543 58.793 -34.186 -8.095
3 16 58.793 -34.271 -8.817 58.793 -34.300 -9.542 58.793 -15.050 -14.543
3 16 58.793 -34.300 -9.542 58.793 -15.050 -44.543 58.793 -15.050 -14.543
3 16 58.793 -34.300 -9.542 58.793 -34.300 -49.543 58.793 -15.050 -44.543
3 16 58.793 -34.300 -49.543 58.793 -34.271 -50.268 58.793 -15.050 -44.543
3 16 58.793 -34.186 -50.990 58.793 -15.050 -44.543 58.793 -34.271 -50.268
3 16 58.793 -34.186 -50.990 58.793 -34.044 -51.702 58.793 -15.050 -44.543
3 16 58.793 -34.044 -51.702 58.793 -33.847 -52.401 58.793 -15.050 -44.543
3 16 58.793 -28.590 -0.997 58.793 -15.050 -14.543 58.793 -27.908 -0.745
3 16 58.793 -28.590 -0.997 58.793 -29.249 -1.301 58.793 -15.050 -14.543
3 16 58.793 -32.533 -54.980 58.793 -15.050 -44.543 58.793 -32.937 -54.376
3 16 58.793 -32.533 -54.980 58.793 -32.084 -55.550 58.793 -15.050 -44.543
3 16 58.793 -32.084 -55.550 58.793 -31.591 -56.083 58.793 -15.050 -44.543
3 16 58.793 -26.497 -0.406 58.793 -15.050 -14.543 58.793 -25.776 -0.321
3 16 58.793 -26.497 -0.406 58.793 -27.209 -0.548 58.793 -15.050 -14.543
3 16 58.793 -27.209 -0.548 58.793 -27.908 -0.745 58.793 -15.050 -14.543
3 16 58.793 -33.596 -53.082 58.793 -15.050 -44.543 58.793 -33.847 -52.401
3 16 58.793 -33.596 -53.082 58.793 -33.292 -53.742 58.793 -15.050 -44.543
3 16 58.793 -33.292 -53.742 58.793 -32.937 -54.376 58.793 -15.050 -44.543
3 16 58.793 -29.883 -1.656 58.793 -15.050 -14.543 58.793 -29.249 -1.301
3 16 58.793 -29.883 -1.656 58.793 -30.487 -2.059 58.793 -15.050 -14.543
3 16 58.793 -30.487 -2.059 58.793 -31.057 -2.509 58.793 -15.050 -14.543
3 16 58.793 -32.937 -4.709 58.793 -15.050 -14.543 58.793 -32.533 -4.105
3 16 58.793 -32.937 -4.709 58.793 -33.292 -5.343 58.793 -15.050 -14.543
3 16 58.793 -33.292 -5.343 58.793 -33.596 -6.003 58.793 -15.050 -14.543
3 16 58.793 -31.057 -56.576 58.793 -15.050 -44.543 58.793 -31.591 -56.083
3 16 58.793 -31.057 -56.576 58.793 -30.487 -57.026 58.793 -15.050 -44.543
3 16 58.793 -30.487 -57.026 58.793 -29.883 -57.429 58.793 -15.050 -44.543
3 16 58.793 -31.591 -3.002 58.793 -15.050 -14.543 58.793 -31.057 -2.509
3 16 58.793 -31.591 -3.002 58.793 -32.084 -3.535 58.793 -15.050 -14.543
3 16 58.793 -32.084 -3.535 58.793 -32.533 -4.105 58.793 -15.050 -14.543
3 16 58.793 -29.249 -57.784 58.793 -15.050 -44.543 58.793 -29.883 -57.429
3 16 58.793 -29.249 -57.784 58.793 -28.590 -58.088 58.793 -15.050 -44.543
3 16 58.793 -28.590 -58.088 58.793 -27.908 -58.340 58.793 -15.050 -44.543
3 16 55.793 -31.300 -3.293 55.793 -25.627 -3.319 55.793 -26.198 -3.399
3 16 55.793 -31.300 -3.293 55.793 -25.050 -3.293 55.793 -25.627 -3.319
3 16 55.793 -29.669 -5.332 55.793 -31.300 -3.293 55.793 -29.261 -4.924
3 16 55.793 -26.760 -3.531 55.793 -31.300 -3.293 55.793 -26.198 -3.399
3 16 55.793 -26.760 -3.531 55.793 -27.308 -3.715 55.793 -31.300 -3.293
3 16 55.793 -27.308 -3.715 55.793 -27.836 -3.948 55.793 -31.300 -3.293
3 16 55.793 -28.340 -4.229 55.793 -31.300 -3.293 55.793 -27.836 -3.948
3 16 55.793 -28.340 -4.229 55.793 -28.816 -4.555 55.793 -31.300 -3.293
3 16 55.793 -28.816 -4.555 55.793 -29.261 -4.924 55.793 -31.300 -3.293
3 16 55.793 -30.878 -7.285 55.793 -31.300 -3.293 55.793 -30.645 -6.757
3 16 55.793 -30.878 -7.285 55.793 -31.061 -7.832 55.793 -31.300 -3.293
3 16 55.793 -31.194 -8.394 55.793 -31.300 -3.293 55.793 -31.061 -7.832
3 16 55.793 -31.194 -8.394 55.793 -31.273 -8.966 55.793 -31.300 -3.293
3 16 55.793 -31.273 -8.966 55.793 -31.300 -9.542 55.793 -31.300 -3.293
3 16 55.793 -30.038 -5.776 55.793 -31.300 -3.293 55.793 -29.669 -5.332
3 16 55.793 -30.038 -5.776 55.793 -30.364 -6.252 55.793 -31.300 -3.293
3 16 55.793 -30.364 -6.252 55.793 -30.645 -6.757 55.793 -31.300 -3.293
3 16 55.793 -0.050 -39.543 55.793 -13.800 -19.543 55.793 -0.050 -19.543
3 16 55.793 -0.050 -39.543 55.793 -13.800 -39.543 55.793 -13.800 -19.543
3 16 55.793 -31.300 -9.542 55.793 -13.800 -15.060 55.793 -31.300 -49.543
3 16 55.793 -31.273 -8.966 55.793 -13.800 -15.060 55.793 -31.300 -9.542
3 16 55.793 -31.273 -8.966 55.793 -31.194 -8.394 55.793 -13.800 -15.060
3 16 55.793 -31.194 -8.394 55.793 -31.061 -7.832 55.793 -13.800 -15.060
3 16 55.793 -8.800 -55.793 55.793 -13.800 -44.025 55.793 -8.800 -49.025
3 16 55.793 -8.800 -55.793 55.793 -25.050 -55.793 55.793 -13.800 -44.025
3 16 55.793 -30.038 -5.776 55.793 -13.800 -15.060 55.793 -30.364 -6.252
3 16 55.793 -30.038 -5.776 55.793 -29.669 -5.332 55.793 -13.800 -15.060
3 16 55.793 -29.669 -5.332 55.793 -29.261 -4.924 55.793 -13.800 -15.060
3 16 55.793 -28.816 -4.555 55.793 -13.800 -15.060 55.793 -29.261 -4.924
3 16 55.793 -28.816 -4.555 55.793 -28.340 -4.229 55.793 -13.800 -15.060
3 16 55.793 -28.340 -4.229 55.793 -27.836 -3.948 55.793 -13.800 -15.060
3 16 55.793 -13.800 -19.543 55.793 -31.300 -49.543 55.793 -13.800 -15.060
3 16 55.793 -13.800 -19.543 55.793 -13.800 -39.543 55.793 -31.300 -49.543
3 16 55.793 -13.800 -39.543 55.793 -31.273 -50.119 55.793 -31.300 -49.543
3 16 55.793 -13.800 -39.543 55.793 -13.800 -44.025 55.793 -31.273 -50.119
3 16 55.793 -13.800 -44.025 55.793 -31.194 -50.691 55.793 -31.273 -50.119
3 16 55.793 -28.816 -54.530 55.793 -13.800 -44.025 55.793 -28.340 -54.856
3 16 55.793 -28.816 -54.530 55.793 -29.261 -54.161 55.793 -13.800 -44.025
3 16 55.793 -29.261 -54.161 55.793 -29.669 -53.753 55.793 -13.800 -44.025
3 16 55.793 -30.878 -7.285 55.793 -13.800 -15.060 55.793 -31.061 -7.832
3 16 55.793 -30.878 -7.285 55.793 -30.645 -6.757 55.793 -13.800 -15.060
3 16 55.793 -30.645 -6.757 55.793 -30.364 -6.252 55.793 -13.800 -15.060
3 16 55.793 -27.308 -3.715 55.793 -13.800 -15.060 55.793 -27.836 -3.948
3 16 55.793 -27.308 -3.715 55.793 -26.760 -3.531 55.793 -13.800 -15.060
3 16 55.793 -26.760 -3.531 55.793 -26.198 -3.399 55.793 -13.800 -15.060
3 16 55.793 -30.038 -53.309 55.793 -13.800 -44.025 55.793 -29.669 -53.753
3 16 55.793 -30.038 -53.309 55.793 -30.364 -52.833 55.793 -13.800 -44.025
3 16 55.793 -30.364 -52.833 55.793 -30.645 -52.328 55.793 -13.800 -44.025
3 16 55.793 -8.800 -10.060 55.793 -25.050 -3.293 55.793 -8.800 -3.293
3 16 55.793 -8.800 -10.060 55.793 -13.800 -15.060 55.793 -25.050 -3.293
3 16 55.793 -13.800 -15.060 55.793 -25.627 -3.319 55.793 -25.050 -3.293
3 16 55.793 -13.800 -15.060 55.793 -26.198 -3.399 55.793 -25.627 -3.319
3 16 55.793 -27.308 -55.370 55.793 -13.800 -44.025 55.793 -26.760 -55.554
3 16 55.793 -27.308 -55.370 55.793 -27.836 -55.137 55.793 -13.800 -44.025
3 16 55.793 -27.836 -55.137 55.793 -28.340 -54.856 55.793 -13.800 -44.025
3 16 55.793 -30.878 -51.800 55.793 -13.800 -44.025 55.793 -30.645 -52.328
3 16 55.793 -30.878 -51.800 55.793 -31.061 -51.253 55.793 -13.800 -44.025
3 16 55.793 -31.061 -51.253 55.793 -31.194 -50.691 55.793 -13.800 -44.025
3 16 55.793 -25.627 -55.766 55.793 -13.800 -44.025 55.793 -25.050 -55.793
3 16 55.793 -25.627 -55.766 55.793 -26.198 -55.686 55.793 -13.800 -44.025
3 16 55.793 -26.198 -55.686 55.793 -26.760 -55.554 55.793 -13.800 -44.025
3 16 55.793 -25.050 -55.793 55.793 -31.300 -55.793 55.793 -25.627 -55.766
3 16 55.793 -28.816 -54.530 55.793 -31.300 -55.793 55.793 -29.261 -54.161
3 16 55.793 -31.273 -50.119 55.793 -31.300 -55.793 55.793 -31.300 -49.543
3 16 55.793 -31.273 -50.119 55.793 -31.194 -50.691 55.793 -31.300 -55.793
3 16 55.793 -31.194 -50.691 55.793 -31.061 -51.253 55.793 -31.300 -55.793
3 16 55.793 -28.340 -54.856 55.793 -31.300 -55.793 55.793 -28.816 -54.530
3 16 55.793 -28.340 -54.856 55.793 -27.836 -55.137 55.793 -31.300 -55.793
3 16 55.793 -27.836 -55.137 55.793 -27.308 -55.370 55.793 -31.300 -55.793
3 16 55.793 -26.760 -55.554 55.793 -31.300 -55.793 55.793 -27.308 -55.370
3 16 55.793 -26.760 -55.554 55.793 -26.198 -55.686 55.793 -31.300 -55.793
3 16 55.793 -26.198 -55.686 55.793 -25.627 -55.766 55.793 -31.300 -55.793
3 16 55.793 -30.878 -51.800 55.793 -31.300 -55.793 55.793 -31.061 -51.253
3 16 55.793 -30.878 -51.800 55.793 -30.645 -52.328 55.793 -31.300 -55.793
3 16 55.793 -30.645 -52.328 55.793 -30.364 -52.833 55.793 -31.300 -55.793
3 16 55.793 -30.038 -53.309 55.793 -31.300 -55.793 55.793 -30.364 -52.833
3 16 55.793 -30.038 -53.309 55.793 -29.669 -53.753 55.793 -31.300 -55.793
3 16 55.793 -29.669 -53.753 55.793 -29.261 -54.161 55.793 -31.300 -55.793
3 16 57.043 -8.800 -49.025 55.793 -8.800 -55.793 55.793 -8.800 -49.025
3 16 57.043 -8.800 -49.025 57.043 -8.800 -57.043 55.793 -8.800 -55.793
3 16 57.043 -8.800 -57.043 3.293 -8.800 -55.793 55.793 -8.800 -55.793
3 16 57.043 -8.800 -57.043 2.043 -8.800 -57.043 3.293 -8.800 -55.793
3 16 2.043 -8.800 -57.043 3.293 -8.800 -49.025 3.293 -8.800 -55.793
3 16 2.043 -8.800 -57.043 2.043 -8.800 -49.025 3.293 -8.800 -49.025
3 16 0.293 -10.050 -9.542 2.043 -10.050 -2.043 2.043 -10.050 -9.542
3 16 0.293 -10.050 -9.542 0.293 -10.050 -0.293 2.043 -10.050 -2.043
3 16 0.293 -10.050 -0.293 57.043 -10.050 -2.043 2.043 -10.050 -2.043
3 16 0.293 -10.050 -0.293 58.793 -10.050 -0.293 57.043 -10.050 -2.043
3 16 58.793 -10.050 -0.293 57.043 -10.050 -9.542 57.043 -10.050 -2.043
3 16 58.793 -10.050 -0.293 58.793 -10.050 -9.542 57.043 -10.050 -9.542
3 16 58.793 -15.050 -14.543 57.043 -10.050 -9.542 58.793 -10.050 -9.542
3 16 58.793 -15.050 -14.543 57.043 -15.050 -14.543 57.043 -10.050 -9.542
3 16 58.793 -15.050 -14.543 57.043 -15.050 -44.543 57.043 -15.050 -14.543
3 16 58.793 -15.050 -14.543 58.793 -15.050 -44.543 57.043 -15.050 -44.543
3 16 58.793 -10.050 -49.543 57.043 -15.050 -44.543 58.793 -15.050 -44.543
3 16 58.793 -10.050 -49.543 57.043 -10.050 -49.543 57.043 -15.050 -44.543
3 16 58.793 -10.050 -49.543 57.043 -10.050 -57.043 57.043 -10.050 -49.543
3 16 58.793 -10.050 -49.543 58.793 -10.050 -58.793 57.043 -10.050 -57.043
3 16 58.793 -10.050 -58.793 2.043 -10.050 -57.043 57.043 -10.050 -57.043
3 16 58.793 -10.050 -58.793 0.293 -10.050 -58.793 2.043 -10.050 -57.043
3 16 0.293 -10.050 -58.793 2.043 -10.050 -49.543 2.043 -10.050 -57.043
3 16 0.293 -10.050 -58.793 0.293 -10.050 -49.543 2.043 -10.050 -49.543
3 16 2.043 -8.800 -10.060 3.293 -8.800 -3.293 3.293 -8.800 -10.060
3 16 2.043 -8.800 -10.060 2.043 -8.800 -2.043 3.293 -8.800 -3.293
3 16 2.043 -8.800 -2.043 55.793 -8.800 -3.293 3.293 -8.800 -3.293
3 16 2.043 -8.800 -2.043 57.043 -8.800 -2.043 55.793 -8.800 -3.293
3 16 57.043 -8.800 -2.043 55.793 -8.800 -10.060 55.793 -8.800 -3.293
3 16 57.043 -8.800 -2.043 57.043 -8.800 -10.060 55.793 -8.800 -10.060
3 16 55.793 -13.800 -19.543 57.043 -6.300 -19.543 55.793 -0.050 -19.543
3 16 55.793 -13.800 -19.543 57.043 -13.800 -19.543 57.043 -6.300 -19.543
3 16 58.793 -4.300 -19.543 57.043 -6.300 -19.543 58.793 -6.300 -19.543
3 16 58.793 -4.300 -19.543 57.043 -1.300 -19.543 57.043 -6.300 -19.543
3 16 57.043 -1.300 -19.543 55.793 -0.050 -19.543 57.043 -6.300 -19.543
3 16 57.043 -1.300 -19.543 57.043 -0.050 -19.543 55.793 -0.050 -19.543
3 16 57.043 -6.300 -39.543 58.793 -6.300 -19.543 57.043 -6.300 -19.543
3 16 57.043 -6.300 -39.543 58.793 -6.300 -39.543 58.793 -6.300 -19.543
3 16 58.793 -6.300 -39.543 58.793 -4.300 -19.543 58.793 -6.300 -19.543
3 16 58.793 -6.300 -39.543 58.793 -4.300 -39.543 58.793 -4.300 -19.543
3 16 58.793 -4.300 -39.543 57.043 -1.300 -19.543 58.793 -4.300 -19.543
3 16 58.793 -4.300 -39.543 57.043 -1.300 -39.543 57.043 -1.300 -19.543
3 16 57.043 -1.300 -39.543 57.043 -0.050 -19.543 57.043 -1.300 -19.543
3 16 57.043 -1.300 -39.543 57.043 -0.050 -39.543 57.043 -0.050 -19.543
3 16 57.043 -0.050 -39.543 55.793 -0.050 -19.543 57.043 -0.050 -19.543
3 16 57.043 -0.050 -39.543 55.793 -0.050 -39.543 55.793 -0.050 -19.543
3 16 57.043 -8.800 -49.025 55.793 -13.800 -44.025 57.043 -13.800 -44.025
3 16 57.043 -8.800 -49.025 55.793 -8.800 -49.025 55.793 -13.800 -44.025
3 16 57.043 -15.050 -14.543 57.043 -15.050 -44.543 57.043 -13.800 -39.543
3 16 57.043 -8.800 -57.043 57.043 -10.050 -49.543 57.043 -10.050 -57.043
3 16 57.043 -8.800 -57.043 57.043 -8.800 -49.025 57.043 -10.050 -49.543
3 16 57.043 -8.800 -49.025 57.043 -15.050 -44.543 57.043 -10.050 -49.543
3 16 57.043 -8.800 -49.025 57.043 -13.800 -44.025 57.043 -15.050 -44.543
3 16 57.043 -13.800 -44.025 57.043 -13.800 -39.543 57.043 -15.050 -44.543
3 16 57.043 -10.050 -2.043 57.043 -8.800 -10.060 57.043 -8.800 -2.043
3 16 57.043 -10.050 -2.043 57.043 -10.050 -9.542 57.043 -8.800 -10.060
3 16 57.043 -10.050 -9.542 57.043 -13.800 -15.060 57.043 -8.800 -10.060
3 16 57.043 -10.050 -9.542 57.043 -15.050 -14.543 57.043 -13.800 -15.060
3 16 57.043 -15.050 -14.543 57.043 -13.800 -19.543 57.043 -13.800 -15.060
3 16 57.043 -15.050 -14.543 57.043 -13.800 -39.543 57.043 -13.800 -19.543
3 16 57.043 -13.800 -39.543 57.043 -6.300 -19.543 57.043 -13.800 -19.543
3 16 57.043 -13.800 -39.543 57.043 -6.300 -39.543 57.043 -6.300 -19.543
3 16 57.043 -13.800 -39.543 55.793 -13.800 -39.543 57.043 -6.300 -39.543
3 16 57.043 -0.050 -39.543 57.043 -1.300 -39.543 55.793 -0.050 -39.543
3 16 58.793 -6.300 -39.543 57.043 -1.300 -39.543 58.793 -4.300 -39.543
3 16 58.793 -6.300 -39.543 57.043 -6.300 -39.543 57.043 -1.300 -39.543
3 16 57.043 -6.300 -39.543 55.793 -0.050 -39.543 57.043 -1.300 -39.543
3 16 57.043 -6.300 -39.543 55.793 -13.800 -39.543 55.793 -0.050 -39.543
3 16 57.043 -13.800 -44.025 55.793 -13.800 -39.543 57.043 -13.800 -39.543
3 16 57.043 -13.800 -44.025 55.793 -13.800 -44.025 55.793 -13.800 -39.543
3 16 57.043 -13.800 -15.060 55.793 -8.800 -10.060 57.043 -8.800 -10.060
3 16 57.043 -13.800 -15.060 55.793 -13.800 -15.060 55.793 -8.800 -10.060
3 16 57.043 -13.800 -19.543 55.793 -13.800 -15.060 57.043 -13.800 -15.060
3 16 57.043 -13.800 -19.543 55.793 -13.800 -19.543 55.793 -13.800 -15.060
3 16 57.043 -8.800 -57.043 2.043 -10.050 -57.043 2.043 -8.800 -57.043
3 16 57.043 -8.800 -57.043 57.043 -10.050 -57.043 2.043 -10.050 -57.043
3 16 58.793 -10.050 -58.793 0.293 -25.050 -58.793 0.293 -10.050 -58.793
3 16 58.793 -10.050 -58.793 58.793 -25.050 -58.793 0.293 -25.050 -58.793
3 16 58.793 -25.050 -0.293 0.293 -10.050 -0.293 0.293 -25.050 -0.293
3 16 58.793 -25.050 -0.293 58.793 -10.050 -0.293 0.293 -10.050 -0.293
3 16 57.043 -10.050 -2.043 2.043 -8.800 -2.043 2.043 -10.050 -2.043
3 16 57.043 -10.050 -2.043 57.043 -8.800 -2.043 2.043 -8.800 -2.043
3 16 55.793 -31.300 -49.543 55.793 -31.300 -55.793 40.543 -31.300 -49.543
3 16 20.543 -31.300 -48.293 18.543 -31.300 -49.543 18.543 -31.300 -48.293
3 16 20.543 -31.300 -48.293 20.543 -31.300 -49.543 18.543 -31.300 -49.543
3 16 38.543 -31.300 -48.293 40.543 -31.300 -48.293 38.543 -31.300 -49.543
3 16 40.543 -31.300 -49.543 38.543 -31.300 -49.543 40.543 -31.300 -48.293
3 16 40.543 -31.300 -49.543 55.793 -31.300 -55.793 38.543 -31.300 -49.543
3 16 55.793 -31.300 -55.793 20.543 -31.300 -49.543 38.543 -31.300 -49.543
3 16 55.793 -31.300 -55.793 3.293 -31.300 -55.793 20.543 -31.300 -49.543
3 16 3.293 -31.300 -55.793 18.543 -31.300 -49.543 20.543 -31.300 -49.543
3 16 3.293 -31.300 -55.793 3.293 -31.300 -49.543 18.543 -31.300 -49.543
3 16 32.546 -31.300 -41.934 33.380 -31.300 -41.701 38.543 -31.300 -48.293
3 16 40.543 -31.300 -49.543 40.543 -31.300 -48.293 55.793 -31.300 -49.543
3 16 38.543 -31.300 -48.293 31.698 -31.300 -42.109 32.546 -31.300 -41.934
3 16 38.543 -31.300 -48.293 38.543 -31.300 -49.543 31.698 -31.300 -42.109
3 16 38.543 -31.300 -49.543 30.840 -31.300 -42.226 31.698 -31.300 -42.109
3 16 41.375 -31.300 -24.793 41.025 -31.300 -24.000 49.543 -31.300 -24.793
3 16 40.543 -31.300 -9.542 49.543 -31.300 -24.793 40.543 -31.300 -10.793
3 16 40.543 -31.300 -9.542 55.793 -31.300 -9.542 49.543 -31.300 -24.793
3 16 37.213 -31.300 -39.727 40.543 -31.300 -48.293 36.504 -31.300 -40.225
3 16 38.522 -31.300 -20.491 40.543 -31.300 -10.793 39.116 -31.300 -21.121
3 16 38.522 -31.300 -20.491 37.886 -31.300 -19.902 40.543 -31.300 -10.793
3 16 37.886 -31.300 -19.902 37.213 -31.300 -19.358 40.543 -31.300 -10.793
3 16 38.543 -31.300 -9.542 32.546 -31.300 -17.151 31.698 -31.300 -16.976
3 16 38.543 -31.300 -9.542 38.543 -31.300 -10.793 32.546 -31.300 -17.151
3 16 38.543 -31.300 -10.793 33.380 -31.300 -17.384 32.546 -31.300 -17.151
3 16 38.543 -31.300 -10.793 34.197 -31.300 -17.672 33.380 -31.300 -17.384
3 16 34.197 -31.300 -41.413 38.543 -31.300 -48.293 33.380 -31.300 -41.701
3 16 34.197 -31.300 -41.413 34.992 -31.300 -41.069 38.543 -31.300 -48.293
3 16 34.992 -31.300 -41.069 40.543 -31.300 -48.293 38.543 -31.300 -48.293
3 16 34.992 -31.300 -41.069 35.762 -31.300 -40.673 40.543 -31.300 -48.293
3 16 35.762 -31.300 -40.673 36.504 -31.300 -40.225 40.543 -31.300 -48.293
3 16 37.886 -31.300 -39.183 40.543 -31.300 -48.293 37.213 -31.300 -39.727
3 16 37.886 -31.300 -39.183 38.522 -31.300 -38.594 40.543 -31.300 -48.293
3 16 38.522 -31.300 -38.594 39.116 -31.300 -37.964 40.543 -31.300 -48.293
3 16 40.168 -31.300 -36.589 49.543 -31.300 -34.293 39.665 -31.300 -37.294
3 16 17.710 -31.300 -34.293 18.060 -31.300 -35.085 9.542 -31.300 -34.293
3 16 20.543 -31.300 -49.543 26.539 -31.300 -41.934 27.387 -31.300 -42.109
3 16 20.543 -31.300 -49.543 20.543 -31.300 -48.293 26.539 -31.300 -41.934
3 16 20.543 -31.300 -48.293 25.705 -31.300 -41.701 26.539 -31.300 -41.934
3 16 20.543 -31.300 -48.293 24.888 -31.300 -41.413 25.705 -31.300 -41.701
3 16 18.543 -31.300 -10.793 3.293 -31.300 -9.542 18.543 -31.300 -9.542
3 16 18.543 -31.300 -10.793 9.542 -31.300 -24.793 3.293 -31.300 -9.542
3 16 27.387 -31.300 -16.976 20.543 -31.300 -9.542 28.245 -31.300 -16.859
3 16 40.622 -31.300 -23.233 49.543 -31.300 -24.793 41.025 -31.300 -24.000
3 16 40.622 -31.300 -23.233 40.168 -31.300 -22.496 49.543 -31.300 -24.793
3 16 40.168 -31.300 -22.496 40.543 -31.300 -10.793 49.543 -31.300 -24.793
3 16 40.168 -31.300 -22.496 39.665 -31.300 -21.791 40.543 -31.300 -10.793
3 16 39.665 -31.300 -21.791 39.116 -31.300 -21.121 40.543 -31.300 -10.793
3 16 49.927 -31.300 -26.887 55.793 -31.300 -9.542 50.037 -31.300 -27.946
3 16 49.927 -31.300 -26.887 49.762 -31.300 -25.835 55.793 -31.300 -9.542
3 16 49.762 -31.300 -25.835 49.543 -31.300 -24.793 55.793 -31.300 -9.542
3 16 28.245 -31.300 -42.226 20.543 -31.300 -49.543 27.387 -31.300 -42.109
3 16 28.245 -31.300 -42.226 29.109 -31.300 -42.285 20.543 -31.300 -49.543
3 16 29.109 -31.300 -42.285 38.543 -31.300 -49.543 20.543 -31.300 -49.543
3 16 29.109 -31.300 -42.285 29.976 -31.300 -42.285 38.543 -31.300 -49.543
3 16 29.976 -31.300 -42.285 30.840 -31.300 -42.226 38.543 -31.300 -49.543
3 16 36.504 -31.300 -18.860 40.543 -31.300 -10.793 37.213 -31.300 -19.358
3 16 36.504 -31.300 -18.860 35.762 -31.300 -18.412 40.543 -31.300 -10.793
3 16 35.762 -31.300 -18.412 38.543 -31.300 -10.793 40.543 -31.300 -10.793
3 16 35.762 -31.300 -18.412 34.992 -31.300 -18.016 38.543 -31.300 -10.793
3 16 34.992 -31.300 -18.016 34.197 -31.300 -17.672 38.543 -31.300 -10.793
3 16 40.622 -31.300 -35.852 49.543 -31.300 -34.293 40.168 -31.300 -36.589
3 16 40.622 -31.300 -35.852 41.025 -31.300 -35.085 49.543 -31.300 -34.293
3 16 41.025 -31.300 -35.085 41.375 -31.300 -34.293 49.543 -31.300 -34.293
3 16 20.563 -31.300 -38.594 18.543 -31.300 -48.293 19.969 -31.300 -37.964
3 16 20.563 -31.300 -38.594 21.199 -31.300 -39.183 18.543 -31.300 -48.293
3 16 21.199 -31.300 -39.183 21.872 -31.300 -39.727 18.543 -31.300 -48.293
3 16 22.582 -31.300 -40.225 18.543 -31.300 -48.293 21.872 -31.300 -39.727
3 16 22.582 -31.300 -40.225 23.323 -31.300 -40.673 18.543 -31.300 -48.293
3 16 23.323 -31.300 -40.673 20.543 -31.300 -48.293 18.543 -31.300 -48.293
3 16 23.323 -31.300 -40.673 24.093 -31.300 -41.069 20.543 -31.300 -48.293
3 16 24.093 -31.300 -41.069 24.888 -31.300 -41.413 20.543 -31.300 -48.293
3 16 18.543 -31.300 -49.543 9.542 -31.300 -34.293 18.543 -31.300 -48.293
3 16 18.543 -31.300 -49.543 3.293 -31.300 -49.543 9.542 -31.300 -34.293
3 16 3.293 -31.300 -49.543 9.323 -31.300 -33.250 9.542 -31.300 -34.293
3 16 3.293 -31.300 -49.543 9.158 -31.300 -32.198 9.323 -31.300 -33.250
3 16 39.665 -31.300 -37.294 40.543 -31.300 -48.293 39.116 -31.300 -37.964
3 16 39.665 -31.300 -37.294 49.543 -31.300 -34.293 40.543 -31.300 -48.293
3 16 49.543 -31.300 -34.293 55.793 -31.300 -49.543 40.543 -31.300 -48.293
3 16 49.543 -31.300 -34.293 49.762 -31.300 -33.250 55.793 -31.300 -49.543
3 16 49.762 -31.300 -33.250 49.927 -31.300 -32.198 55.793 -31.300 -49.543
3 16 18.463 -31.300 -35.852 9.542 -31.300 -34.293 18.060 -31.300 -35.085
3 16 18.463 -31.300 -35.852 18.917 -31.300 -36.589 9.542 -31.300 -34.293
3 16 18.917 -31.300 -36.589 18.543 -31.300 -48.293 9.542 -31.300 -34.293
3 16 18.917 -31.300 -36.589 19.420 -31.300 -37.294 18.543 -31.300 -48.293
3 16 19.420 -31.300 -37.294 19.969 -31.300 -37.964 18.543 -31.300 -48.293
3 16 27.387 -31.300 -16.976 20.543 -31.300 -10.793 20.543 -31.300 -9.542
3 16 27.387 -31.300 -16.976 26.539 -31.300 -17.151 20.543 -31.300 -10.793
3 16 26.539 -31.300 -17.151 25.705 -31.300 -17.384 20.543 -31.300 -10.793
3 16 9.542 -31.300 -24.793 18.060 -31.300 -24.000 17.710 -31.300 -24.793
3 16 9.542 -31.300 -24.793 18.463 -31.300 -23.233 18.060 -31.300 -24.000
3 16 30.840 -31.300 -16.859 38.543 -31.300 -9.542 31.698 -31.300 -16.976
3 16 30.840 -31.300 -16.859 29.976 -31.300 -16.800 38.543 -31.300 -9.542
3 16 29.976 -31.300 -16.800 20.543 -31.300 -9.542 38.543 -31.300 -9.542
3 16 29.976 -31.300 -16.800 29.109 -31.300 -16.800 20.543 -31.300 -9.542
3 16 29.109 -31.300 -16.800 28.245 -31.300 -16.859 20.543 -31.300 -9.542
3 16 50.037 -31.300 -31.139 55.793 -31.300 -49.543 49.927 -31.300 -32.198
3 16 50.037 -31.300 -31.139 50.092 -31.300 -30.075 55.793 -31.300 -49.543
3 16 50.092 -31.300 -30.075 55.793 -31.300 -9.542 55.793 -31.300 -49.543
3 16 50.092 -31.300 -30.075 50.092 -31.300 -29.010 55.793 -31.300 -9.542
3 16 50.092 -31.300 -29.010 50.037 -31.300 -27.946 55.793 -31.300 -9.542
3 16 9.323 -31.300 -25.835 3.293 -31.300 -9.542 9.542 -31.300 -24.793
3 16 9.323 -31.300 -25.835 9.158 -31.300 -26.887 3.293 -31.300 -9.542
3 16 9.158 -31.300 -26.887 9.048 -31.300 -27.946 3.293 -31.300 -9.542
3 16 8.993 -31.300 -29.010 3.293 -31.300 -9.542 9.048 -31.300 -27.946
3 16 8.993 -31.300 -29.010 8.993 -31.300 -30.075 3.293 -31.300 -9.542
3 16 8.993 -31.300 -30.075 3.293 -31.300 -49.543 3.293 -31.300 -9.542
3 16 8.993 -31.300 -30.075 9.048 -31.300 -31.139 3.293 -31.300 -49.543
3 16 9.048 -31.300 -31.139 9.158 -31.300 -32.198 3.293 -31.300 -49.543
3 16 24.888 -31.300 -17.672 20.543 -31.300 -10.793 25.705 -31.300 -17.384
3 16 24.888 -31.300 -17.672 24.093 -31.300 -18.016 20.543 -31.300 -10.793
3 16 24.093 -31.300 -18.016 18.543 -31.300 -10.793 20.543 -31.300 -10.793
3 16 24.093 -31.300 -18.016 23.323 -31.300 -18.412 18.543 -31.300 -10.793
3 16 23.323 -31.300 -18.412 22.582 -31.300 -18.860 18.543 -31.300 -10.793
3 16 21.872 -31.300 -19.358 18.543 -31.300 -10.793 22.582 -31.300 -18.860
3 16 21.872 -31.300 -19.358 21.199 -31.300 -19.902 18.543 -31.300 -10.793
3 16 21.199 -31.300 -19.902 20.563 -31.300 -20.491 18.543 -31.300 -10.793
3 16 19.969 -31.300 -21.121 18.543 -31.300 -10.793 20.563 -31.300 -20.491
3 16 19.969 -31.300 -21.121 19.420 -31.300 -21.791 18.543 -31.300 -10.793
3 16 19.420 -31.300 -21.791 9.542 -31.300 -24.793 18.543 -31.300 -10.793
3 16 19.420 -31.300 -21.791 18.917 -31.300 -22.496 9.542 -31.300 -24.793
3 16 18.917 -31.300 -22.496 18.463 -31.300 -23.233 9.542 -31.300 -24.793
3 16 3.293 -25.050 -55.793 3.293 -31.300 -55.793 18.543 -25.050 -55.793
3 16 55.793 -31.300 -55.793 40.543 -25.050 -55.793 3.293 -31.300 -55.793
3 16 55.793 -31.300 -55.793 55.793 -25.050 -55.793 40.543 -25.050 -55.793
3 16 20.543 -15.300 -55.793 18.543 -15.300 -55.793 20.543 -25.050 -55.793
3 16 18.543 -25.050 -55.793 20.543 -25.050 -55.793 18.543 -15.300 -55.793
3 16 18.543 -25.050 -55.793 3.293 -31.300 -55.793 20.543 -25.050 -55.793
3 16 3.293 -31.300 -55.793 38.543 -25.050 -55.793 20.543 -25.050 -55.793
3 16 3.293 -31.300 -55.793 40.543 -25.050 -55.793 38.543 -25.050 -55.793
3 16 40.543 -25.050 -55.793 38.543 -15.300 -55.793 38.543 -25.050 -55.793
3 16 40.543 -25.050 -55.793 40.543 -15.300 -55.793 38.543 -15.300 -55.793
3 16 3.293 -25.050 -55.793 18.543 -25.050 -55.793 3.293 -8.800 -55.793
3 16 18.543 -15.300 -55.793 3.293 -8.800 -55.793 18.543 -25.050 -55.793
3 16 18.543 -15.300 -55.793 20.543 -15.300 -55.793 3.293 -8.800 -55.793
3 16 20.543 -15.300 -55.793 55.793 -8.800 -55.793 3.293 -8.800 -55.793
3 16 55.793 -25.050 -55.793 40.543 -15.300 -55.793 40.543 -25.050 -55.793
3 16 55.793 -25.050 -55.793 55.793 -8.800 -55.793 40.543 -15.300 -55.793
3 16 55.793 -8.800 -55.793 38.543 -15.300 -55.793 40.543 -15.300 -55.793
3 16 55.793 -8.800 -55.793 20.543 -15.300 -55.793 38.543 -15.300 -55.793
3 16 20.543 -15.300 -55.793 38.543 -25.050 -55.793 38.543 -15.300 -55.793
3 16 20.543 -15.300 -55.793 20.543 -25.050 -55.793 38.543 -25.050 -55.793
3 16 3.293 -31.300 -9.542 3.293 -31.300 -3.293 18.543 -31.300 -9.542
3 16 55.793 -31.300 -3.293 40.543 -31.300 -9.542 3.293 -31.300 -3.293
3 16 55.793 -31.300 -3.293 55.793 -31.300 -9.542 40.543 -31.300 -9.542
3 16 20.543 -31.300 -10.793 18.543 -31.300 -10.793 20.543 -31.300 -9.542
3 16 18.543 -31.300 -9.542 20.543 -31.300 -9.542 18.543 -31.300 -10.793
3 16 18.543 -31.300 -9.542 3.293 -31.300 -3.293 20.543 -31.300 -9.542
3 16 3.293 -31.300 -3.293 38.543 -31.300 -9.542 20.543 -31.300 -9.542
3 16 3.293 -31.300 -3.293 40.543 -31.300 -9.542 38.543 -31.300 -9.542
3 16 40.543 -31.300 -9.542 38.543 -31.300 -10.793 38.543 -31.300 -9.542
3 16 40.543 -31.300 -9.542 40.543 -31.300 -10.793 38.543 -31.300 -10.793
3 16 2.043 -15.050 -44.543 2.043 -15.050 -14.543 2.043 -13.800 -19.543
3 16 2.043 -8.800 -2.043 2.043 -10.050 -9.542 2.043 -10.050 -2.043
3 16 2.043 -8.800 -2.043 2.043 -8.800 -10.060 2.043 -10.050 -9.542
3 16 2.043 -8.800 -10.060 2.043 -15.050 -14.543 2.043 -10.050 -9.542
3 16 2.043 -8.800 -10.060 2.043 -13.800 -15.060 2.043 -15.050 -14.543
3 16 2.043 -13.800 -15.060 2.043 -13.800 -19.543 2.043 -15.050 -14.543
3 16 2.043 -10.050 -57.043 2.043 -8.800 -49.025 2.043 -8.800 -57.043
3 16 2.043 -10.050 -57.043 2.043 -10.050 -49.543 2.043 -8.800 -49.025
3 16 2.043 -10.050 -49.543 2.043 -13.800 -44.025 2.043 -8.800 -49.025
3 16 2.043 -10.050 -49.543 2.043 -15.050 -44.543 2.043 -13.800 -44.025
3 16 2.043 -15.050 -44.543 2.043 -13.800 -39.543 2.043 -13.800 -44.025
3 16 2.043 -15.050 -44.543 2.043 -13.800 -19.543 2.043 -13.800 -39.543
3 16 2.043 -13.800 -19.543 2.043 -6.300 -39.543 2.043 -13.800 -39.543
3 16 2.043 -13.800 -19.543 2.043 -6.300 -19.543 2.043 -6.300 -39.543
3 16 3.293 -31.300 -3.293 55.793 -25.050 -3.293 55.793 -31.300 -3.293
3 16 3.293 -31.300 -3.293 3.293 -25.050 -3.293 55.793 -25.050 -3.293
3 16 3.293 -25.050 -3.293 55.793 -8.800 -3.293 55.793 -25.050 -3.293
3 16 3.293 -25.050 -3.293 3.293 -8.800 -3.293 55.793 -8.800 -3.293
3 16 9.542 -31.300 -24.793 17.710 -34.300 -24.793 9.542 -34.300 -24.793
3 16 9.542 -31.300 -24.793 17.710 -31.300 -24.793 17.710 -34.300 -24.793
3 16 41.375 -34.300 -24.793 41.025 -31.300 -24.000 41.375 -31.300 -24.793
3 16 41.375 -34.300 -24.793 41.025 -34.300 -24.000 41.025 -31.300 -24.000
3 16 41.025 -34.300 -24.000 40.622 -31.300 -23.233 41.025 -31.300 -24.000
3 16 41.025 -34.300 -24.000 40.622 -34.300 -23.233 40.622 -31.300 -23.233
3 16 40.622 -34.300 -23.233 40.168 -31.300 -22.496 40.622 -31.300 -23.233
3 16 40.622 -34.300 -23.233 40.168 -34.300 -22.496 40.168 -31.300 -22.496
3 16 40.168 -34.300 -22.496 39.665 -31.300 -21.791 40.168 -31.300 -22.496
3 16 40.168 -34.300 -22.496 39.665 -34.300 -21.791 39.665 -31.300 -21.791
3 16 39.665 -34.300 -21.791 39.116 -31.300 -21.121 39.665 -31.300 -21.791
3 16 39.665 -34.300 -21.791 39.116 -34.300 -21.121 39.116 -31.300 -21.121
3 16 39.116 -34.300 -21.121 38.522 -31.300 -20.491 39.116 -31.300 -21.121
3 16 39.116 -34.300 -21.121 38.522 -34.300 -20.491 38.522 -31.300 -20.491
3 16 38.522 -34.300 -20.491 37.886 -31.300 -19.902 38.522 -31.300 -20.491
3 16 38.522 -34.300 -20.491 37.886 -34.300 -19.902 37.886 -31.300 -19.902
3 16 37.886 -34.300 -19.902 37.213 -31.300 -19.358 37.886 -31.300 -19.902
3 16 37.886 -34.300 -19.902 37.213 -34.300 -19.358 37.213 -31.300 -19.358
3 16 37.213 -34.300 -19.358 36.504 -31.300 -18.860 37.213 -31.300 -19.358
3 16 37.213 -34.300 -19.358 36.504 -34.300 -18.860 36.504 -31.300 -18.860
3 16 36.504 -34.300 -18.860 35.762 -31.300 -18.412 36.504 -31.300 -18.860
3 16 36.504 -34.300 -18.860 35.762 -34.300 -18.412 35.762 -31.300 -18.412
3 16 35.762 -34.300 -18.412 34.992 -31.300 -18.016 35.762 -31.300 -18.412
3 16 35.762 -34.300 -18.412 34.992 -34.300 -18.016 34.992 -31.300 -18.016
3 16 34.992 -34.300 -18.016 34.197 -31.300 -17.672 34.992 -31.300 -18.016
3 16 34.992 -34.300 -18.016 34.197 -34.300 -17.672 34.197 -31.300 -17.672
3 16 34.197 -34.300 -17.672 33.380 -31.300 -17.384 34.197 -31.300 -17.672
3 16 34.197 -34.300 -17.672 33.380 -34.300 -17.384 33.380 -31.300 -17.384
3 16 33.380 -34.300 -17.384 32.546 -31.300 -17.151 33.380 -31.300 -17.384
3 16 33.380 -34.300 -17.384 32.546 -34.300 -17.151 32.546 -31.300 -17.151
3 16 32.546 -34.300 -17.151 31.698 -31.300 -16.976 32.546 -31.300 -17.151
3 16 32.546 -34.300 -17.151 31.698 -34.300 -16.976 31.698 -31.300 -16.976
3 16 31.698 -34.300 -16.976 30.840 -31.300 -16.859 31.698 -31.300 -16.976
3 16 31.698 -34.300 -16.976 30.840 -34.300 -16.859 30.840 -31.300 -16.859
3 16 30.840 -34.300 -16.859 29.976 -31.300 -16.800 30.840 -31.300 -16.859
3 16 30.840 -34.300 -16.859 29.976 -34.300 -16.800 29.976 -31.300 -16.800
3 16 29.976 -34.300 -16.800 29.109 -31.300 -16.800 29.976 -31.300 -16.800
3 16 29.976 -34.300 -16.800 29.109 -34.300 -16.800 29.109 -31.300 -16.800
3 16 29.109 -34.300 -16.800 28.245 -31.300 -16.859 29.109 -31.300 -16.800
3 16 29.109 -34.300 -16.800 28.245 -34.300 -16.859 28.245 -31.300 -16.859
3 16 28.245 -34.300 -16.859 27.387 -31.300 -16.976 28.245 -31.300 -16.859
3 16 28.245 -34.300 -16.859 27.387 -34.300 -16.976 27.387 -31.300 -16.976
3 16 27.387 -34.300 -16.976 26.539 -31.300 -17.151 27.387 -31.300 -16.976
3 16 27.387 -34.300 -16.976 26.539 -34.300 -17.151 26.539 -31.300 -17.151
3 16 26.539 -34.300 -17.151 25.705 -31.300 -17.384 26.539 -31.300 -17.151
3 16 26.539 -34.300 -17.151 25.705 -34.300 -17.384 25.705 -31.300 -17.384
3 16 25.705 -34.300 -17.384 24.888 -31.300 -17.672 25.705 -31.300 -17.384
3 16 25.705 -34.300 -17.384 24.888 -34.300 -17.672 24.888 -31.300 -17.672
3 16 24.888 -34.300 -17.672 24.093 -31.300 -18.016 24.888 -31.300 -17.672
3 16 24.888 -34.300 -17.672 24.093 -34.300 -18.016 24.093 -31.300 -18.016
3 16 24.093 -34.300 -18.016 23.323 -31.300 -18.412 24.093 -31.300 -18.016
3 16 24.093 -34.300 -18.016 23.323 -34.300 -18.412 23.323 -31.300 -18.412
3 16 23.323 -34.300 -18.412 22.582 -31.300 -18.860 23.323 -31.300 -18.412
3 16 23.323 -34.300 -18.412 22.582 -34.300 -18.860 22.582 -31.300 -18.860
3 16 22.582 -34.300 -18.860 21.872 -31.300 -19.358 22.582 -31.300 -18.860
3 16 22.582 -34.300 -18.860 21.872 -34.300 -19.358 21.872 -31.300 -19.358
3 16 21.872 -34.300 -19.358 21.199 -31.300 -19.902 21.872 -31.300 -19.358
3 16 21.872 -34.300 -19.358 21.199 -34.300 -19.902 21.199 -31.300 -19.902
3 16 21.199 -34.300 -19.902 20.563 -31.300 -20.491 21.199 -31.300 -19.902
3 16 21.199 -34.300 -19.902 20.563 -34.300 -20.491 20.563 -31.300 -20.491
3 16 20.563 -34.300 -20.491 19.969 -31.300 -21.121 20.563 -31.300 -20.491
3 16 20.563 -34.300 -20.491 19.969 -34.300 -21.121 19.969 -31.300 -21.121
3 16 19.969 -34.300 -21.121 19.420 -31.300 -21.791 19.969 -31.300 -21.121
3 16 19.969 -34.300 -21.121 19.420 -34.300 -21.791 19.420 -31.300 -21.791
3 16 19.420 -34.300 -21.791 18.917 -31.300 -22.496 19.420 -31.300 -21.791
3 16 19.420 -34.300 -21.791 18.917 -34.300 -22.496 18.917 -31.300 -22.496
3 16 18.917 -34.300 -22.496 18.463 -31.300 -23.233 18.917 -31.300 -22.496
3 16 18.917 -34.300 -22.496 18.463 -34.300 -23.233 18.463 -31.300 -23.233
3 16 18.463 -34.300 -23.233 18.060 -31.300 -24.000 18.463 -31.300 -23.233
3 16 18.463 -34.300 -23.233 18.060 -34.300 -24.000 18.060 -31.300 -24.000
3 16 18.060 -34.300 -24.000 17.710 -31.300 -24.793 18.060 -31.300 -24.000
3 16 18.060 -34.300 -24.000 17.710 -34.300 -24.793 17.710 -31.300 -24.793
3 16 41.375 -31.300 -24.793 49.543 -34.300 -24.793 41.375 -34.300 -24.793
3 16 41.375 -31.300 -24.793 49.543 -31.300 -24.793 49.543 -34.300 -24.793
3 16 49.543 -34.300 -34.293 49.762 -31.300 -33.250 49.543 -31.300 -34.293
3 16 49.543 -34.300 -34.293 49.762 -34.300 -33.250 49.762 -31.300 -33.250
3 16 49.762 -34.300 -33.250 49.927 -31.300 -32.198 49.762 -31.300 -33.250
3 16 49.762 -34.300 -33.250 49.927 -34.300 -32.198 49.927 -31.300 -32.198
3 16 49.927 -34.300 -32.198 50.037 -31.300 -31.139 49.927 -31.300 -32.198
3 16 49.927 -34.300 -32.198 50.037 -34.300 -31.139 50.037 -31.300 -31.139
3 16 50.037 -34.300 -31.139 50.092 -31.300 -30.075 50.037 -31.300 -31.139
3 16 50.037 -34.300 -31.139 50.092 -34.300 -30.075 50.092 -31.300 -30.075
3 16 50.092 -34.300 -30.075 50.092 -31.300 -29.010 50.092 -31.300 -30.075
3 16 50.092 -34.300 -30.075 50.092 -34.300 -29.010 50.092 -31.300 -29.010
3 16 50.092 -34.300 -29.010 50.037 -31.300 -27.946 50.092 -31.300 -29.010
3 16 50.092 -34.300 -29.010 50.037 -34.300 -27.946 50.037 -31.300 -27.946
3 16 50.037 -34.300 -27.946 49.927 -31.300 -26.887 50.037 -31.300 -27.946
3 16 50.037 -34.300 -27.946 49.927 -34.300 -26.887 49.927 -31.300 -26.887
3 16 49.927 -34.300 -26.887 49.762 -31.300 -25.835 49.927 -31.300 -26.887
3 16 49.927 -34.300 -26.887 49.762 -34.300 -25.835 49.762 -31.300 -25.835
3 16 49.762 -34.300 -25.835 49.543 -31.300 -24.793 49.762 -31.300 -25.835
3 16 49.762 -34.300 -25.835 49.543 -34.300 -24.793 49.543 -31.300 -24.793
3 16 49.543 -31.300 -34.293 41.375 -34.300 -34.293 49.543 -34.300 -34.293
3 16 49.543 -31.300 -34.293 41.375 -31.300 -34.293 41.375 -34.300 -34.293
3 16 17.710 -34.300 -34.293 18.060 -31.300 -35.085 17.710 -31.300 -34.293
3 16 17.710 -34.300 -34.293 18.060 -34.300 -35.085 18.060 -31.300 -35.085
3 16 18.060 -34.300 -35.085 18.463 -31.300 -35.852 18.060 -31.300 -35.085
3 16 18.060 -34.300 -35.085 18.463 -34.300 -35.852 18.463 -31.300 -35.852
3 16 18.463 -34.300 -35.852 18.917 -31.300 -36.589 18.463 -31.300 -35.852
3 16 18.463 -34.300 -35.852 18.917 -34.300 -36.589 18.917 -31.300 -36.589
3 16 18.917 -34.300 -36.589 19.420 -31.300 -37.294 18.917 -31.300 -36.589
3 16 18.917 -34.300 -36.589 19.420 -34.300 -37.294 19.420 -31.300 -37.294
3 16 19.420 -34.300 -37.294 19.969 -31.300 -37.964 19.420 -31.300 -37.294
3 16 19.420 -34.300 -37.294 19.969 -34.300 -37.964 19.969 -31.300 -37.964
3 16 19.969 -34.300 -37.964 20.563 -31.300 -38.594 19.969 -31.300 -37.964
3 16 19.969 -34.300 -37.964 20.563 -34.300 -38.594 20.563 -31.300 -38.594
3 16 20.563 -34.300 -38.594 21.199 -31.300 -39.183 20.563 -31.300 -38.594
3 16 20.563 -34.300 -38.594 21.199 -34.300 -39.183 21.199 -31.300 -39.183
3 16 21.199 -34.300 -39.183 21.872 -31.300 -39.727 21.199 -31.300 -39.183
3 16 21.199 -34.300 -39.183 21.872 -34.300 -39.727 21.872 -31.300 -39.727
3 16 21.872 -34.300 -39.727 22.582 -31.300 -40.225 21.872 -31.300 -39.727
3 16 21.872 -34.300 -39.727 22.582 -34.300 -40.225 22.582 -31.300 -40.225
3 16 22.582 -34.300 -40.225 23.323 -31.300 -40.673 22.582 -31.300 -40.225
3 16 22.582 -34.300 -40.225 23.323 -34.300 -40.673 23.323 -31.300 -40.673
3 16 23.323 -34.300 -40.673 24.093 -31.300 -41.069 23.323 -31.300 -40.673
3 16 23.323 -34.300 -40.673 24.093 -34.300 -41.069 24.093 -31.300 -41.069
3 16 24.093 -34.300 -41.069 24.888 -31.300 -41.413 24.093 -31.300 -41.069
3 16 24.093 -34.300 -41.069 24.888 -34.300 -41.413 24.888 -31.300 -41.413
3 16 24.888 -34.300 -41.413 25.705 -31.300 -41.701 24.888 -31.300 -41.413
3 16 24.888 -34.300 -41.413 25.705 -34.300 -41.701 25.705 -31.300 -41.701
3 16 25.705 -34.300 -41.701 26.539 -31.300 -41.934 25.705 -31.300 -41.701
3 16 25.705 -34.300 -41.701 26.539 -34.300 -41.934 26.539 -31.300 -41.934
3 16 26.539 -34.300 -41.934 27.387 -31.300 -42.109 26.539 -31.300 -41.934
3 16 26.539 -34.300 -41.934 27.387 -34.300 -42.109 27.387 -31.300 -42.109
3 16 27.387 -34.300 -42.109 28.245 -31.300 -42.226 27.387 -31.300 -42.109
3 16 27.387 -34.300 -42.109 28.245 -34.300 -42.226 28.245 -31.300 -42.226
3 16 28.245 -34.300 -42.226 29.109 -31.300 -42.285 28.245 -31.300 -42.226
3 16 28.245 -34.300 -42.226 29.109 -34.300 -42.285 29.109 -31.300 -42.285
3 16 29.109 -34.300 -42.285 29.976 -31.300 -42.285 29.109 -31.300 -42.285
3 16 29.109 -34.300 -42.285 29.976 -34.300 -42.285 29.976 -31.300 -42.285
3 16 29.976 -34.300 -42.285 30.840 -31.300 -42.226 29.976 -31.300 -42.285
3 16 29.976 -34.300 -42.285 30.840 -34.300 -42.226 30.840 -31.300 -42.226
3 16 30.840 -34.300 -42.226 31.698 -31.300 -42.109 30.840 -31.300 -42.226
3 16 30.840 -34.300 -42.226 31.698 -34.300 -42.109 31.698 -31.300 -42.109
3 16 31.698 -34.300 -42.109 32.546 -31.300 -41.934 31.698 -31.300 -42.109
3 16 31.698 -34.300 -42.109 32.546 -34.300 -41.934 32.546 -31.300 -41.934
3 16 32.546 -34.300 -41.934 33.380 -31.300 -41.701 32.546 -31.300 -41.934
3 16 32.546 -34.300 -41.934 33.380 -34.300 -41.701 33.380 -31.300 -41.701
3 16 33.380 -34.300 -41.701 34.197 -31.300 -41.413 33.380 -31.300 -41.701
3 16 33.380 -34.300 -41.701 34.197 -34.300 -41.413 34.197 -31.300 -41.413
3 16 34.197 -34.300 -41.413 34.992 -31.300 -41.069 34.197 -31.300 -41.413
3 16 34.197 -34.300 -41.413 34.992 -34.300 -41.069 34.992 -31.300 -41.069
3 16 34.992 -34.300 -41.069 35.762 -31.300 -40.673 34.992 -31.300 -41.069
3 16 34.992 -34.300 -41.069 35.762 -34.300 -40.673 35.762 -31.300 -40.673
3 16 35.762 -34.300 -40.673 36.504 -31.300 -40.225 35.762 -31.300 -40.673
3 16 35.762 -34.300 -40.673 36.504 -34.300 -40.225 36.504 -31.300 -40.225
3 16 36.504 -34.300 -40.225 37.213 -31.300 -39.727 36.504 -31.300 -40.225
3 16 36.504 -34.300 -40.225 37.213 -34.300 -39.727 37.213 -31.300 -39.727
3 16 37.213 -34.300 -39.727 37.886 -31.300 -39.183 37.213 -31.300 -39.727
3 16 37.213 -34.300 -39.727 37.886 -34.300 -39.183 37.886 -31.300 -39.183
3 16 37.886 -34.300 -39.183 38.522 -31.300 -38.594 37.886 -31.300 -39.183
3 16 37.886 -34.300 -39.183 38.522 -34.300 -38.594 38.522 -31.300 -38.594
3 16 38.522 -34.300 -38.594 39.116 -31.300 -37.964 38.522 -31.300 -38.594
3 16 38.522 -34.300 -38.594 39.116 -34.300 -37.964 39.116 -31.300 -37.964
3 16 39.116 -34.300 -37.964 39.665 -31.300 -37.294 39.116 -31.300 -37.964
3 16 39.116 -34.300 -37.964 39.665 -34.300 -37.294 39.665 -31.300 -37.294
3 16 39.665 -34.300 -37.294 40.168 -31.300 -36.589 39.665 -31.300 -37.294
3 16 39.665 -34.300 -37.294 40.168 -34.300 -36.589 40.168 -31.300 -36.589
3 16 40.168 -34.300 -36.589 40.622 -31.300 -35.852 40.168 -31.300 -36.589
3 16 40.168 -34.300 -36.589 40.622 -34.300 -35.852 40.622 -31.300 -35.852
3 16 40.622 -34.300 -35.852 41.025 -31.300 -35.085 40.622 -31.300 -35.852
3 16 40.622 -34.300 -35.852 41.025 -34.300 -35.085 41.025 -31.300 -35.085
3 16 41.025 -34.300 -35.085 41.375 -31.300 -34.293 41.025 -31.300 -35.085
3 16 41.025 -34.300 -35.085 41.375 -34.300 -34.293 41.375 -31.300 -34.293
3 16 9.542 -31.300 -34.293 17.710 -34.300 -34.293 17.710 -31.300 -34.293
3 16 9.542 -31.300 -34.293 9.542 -34.300 -34.293 17.710 -34.300 -34.293
3 16 9.542 -34.300 -24.793 9.323 -31.300 -25.835 9.542 -31.300 -24.793
3 16 9.542 -34.300 -24.793 9.323 -34.300 -25.835 9.323 -31.300 -25.835
3 16 9.323 -34.300 -25.835 9.158 -31.300 -26.887 9.323 -31.300 -25.835
3 16 9.323 -34.300 -25.835 9.158 -34.300 -26.887 9.158 -31.300 -26.887
3 16 9.158 -34.300 -26.887 9.048 -31.300 -27.946 9.158 -31.300 -26.887
3 16 9.158 -34.300 -26.887 9.048 -34.300 -27.946 9.048 -31.300 -27.946
3 16 9.048 -34.300 -27.946 8.993 -31.300 -29.010 9.048 -31.300 -27.946
3 16 9.048 -34.300 -27.946 8.993 -34.300 -29.010 8.993 -31.300 -29.010
3 16 8.993 -34.300 -29.010 8.993 -31.300 -30.075 8.993 -31.300 -29.010
3 16 8.993 -34.300 -29.010 8.993 -34.300 -30.075 8.993 -31.300 -30.075
3 16 8.993 -34.300 -30.075 9.048 -31.300 -31.139 8.993 -31.300 -30.075
3 16 8.993 -34.300 -30.075 9.048 -34.300 -31.139 9.048 -31.300 -31.139
3 16 9.048 -34.300 -31.139 9.158 -31.300 -32.198 9.048 -31.300 -31.139
3 16 9.048 -34.300 -31.139 9.158 -34.300 -32.198 9.158 -31.300 -32.198
3 16 9.158 -34.300 -32.198 9.323 -31.300 -33.250 9.158 -31.300 -32.198
3 16 9.158 -34.300 -32.198 9.323 -34.300 -33.250 9.323 -31.300 -33.250
3 16 9.323 -34.300 -33.250 9.542 -31.300 -34.293 9.323 -31.300 -33.250
3 16 9.323 -34.300 -33.250 9.542 -34.300 -34.293 9.542 -31.300 -34.293
3 16 3.293 -25.050 -3.293 3.293 -31.300 -3.293 3.293 -25.627 -3.319
3 16 3.293 -27.836 -3.948 3.293 -31.300 -3.293 3.293 -28.340 -4.229
3 16 3.293 -27.836 -3.948 3.293 -27.308 -3.715 3.293 -31.300 -3.293
3 16 3.293 -31.300 -3.293 3.293 -31.273 -8.966 3.293 -31.194 -8.394
3 16 3.293 -31.300 -3.293 3.293 -31.300 -9.542 3.293 -31.273 -8.966
3 16 3.293 -26.760 -3.531 3.293 -31.300 -3.293 3.293 -27.308 -3.715
3 16 3.293 -26.760 -3.531 3.293 -26.198 -3.399 3.293 -31.300 -3.293
3 16 3.293 -26.198 -3.399 3.293 -25.627 -3.319 3.293 -31.300 -3.293
3 16 3.293 -31.061 -7.832 3.293 -31.300 -3.293 3.293 -31.194 -8.394
3 16 3.293 -31.061 -7.832 3.293 -30.878 -7.285 3.293 -31.300 -3.293
3 16 3.293 -30.878 -7.285 3.293 -30.645 -6.757 3.293 -31.300 -3.293
3 16 3.293 -30.364 -6.252 3.293 -31.300 -3.293 3.293 -30.645 -6.757
3 16 3.293 -30.364 -6.252 3.293 -30.038 -5.776 3.293 -31.300 -3.293
3 16 3.293 -30.038 -5.776 3.293 -29.669 -5.332 3.293 -31.300 -3.293
3 16 3.293 -29.261 -4.924 3.293 -31.300 -3.293 3.293 -29.669 -5.332
3 16 3.293 -29.261 -4.924 3.293 -28.816 -4.555 3.293 -31.300 -3.293
3 16 3.293 -28.816 -4.555 3.293 -28.340 -4.229 3.293 -31.300 -3.293
3 16 3.293 -31.061 -7.832 3.293 -13.800 -15.060 3.293 -30.878 -7.285
3 16 3.293 -31.300 -49.543 3.293 -13.800 -44.025 3.293 -31.300 -9.542
3 16 3.293 -0.050 -19.543 3.293 -13.800 -39.543 3.293 -0.050 -39.543
3 16 3.293 -0.050 -19.543 3.293 -13.800 -19.543 3.293 -13.800 -39.543
3 16 3.293 -8.800 -49.025 3.293 -25.050 -55.793 3.293 -8.800 -55.793
3 16 3.293 -8.800 -49.025 3.293 -13.800 -44.025 3.293 -25.050 -55.793
3 16 3.293 -13.800 -44.025 3.293 -31.300 -55.793 3.293 -25.050 -55.793
3 16 3.293 -13.800 -44.025 3.293 -31.300 -49.543 3.293 -31.300 -55.793
3 16 3.293 -8.800 -3.293 3.293 -13.800 -15.060 3.293 -8.800 -10.060
3 16 3.293 -8.800 -3.293 3.293 -25.050 -3.293 3.293 -13.800 -15.060
3 16 3.293 -25.050 -3.293 3.293 -25.627 -3.319 3.293 -13.800 -15.060
3 16 3.293 -13.800 -39.543 3.293 -31.300 -9.542 3.293 -13.800 -44.025
3 16 3.293 -13.800 -39.543 3.293 -13.800 -19.543 3.293 -31.300 -9.542
3 16 3.293 -13.800 -19.543 3.293 -31.273 -8.966 3.293 -31.300 -9.542
3 16 3.293 -13.800 -19.543 3.293 -13.800 -15.060 3.293 -31.273 -8.966
3 16 3.293 -13.800 -15.060 3.293 -31.194 -8.394 3.293 -31.273 -8.966
3 16 3.293 -13.800 -15.060 3.293 -31.061 -7.832 3.293 -31.194 -8.394
3 16 3.293 -26.198 -3.399 3.293 -13.800 -15.060 3.293 -25.627 -3.319
3 16 3.293 -26.198 -3.399 3.293 -26.760 -3.531 3.293 -13.800 -15.060
3 16 3.293 -26.760 -3.531 3.293 -27.308 -3.715 3.293 -13.800 -15.060
3 16 3.293 -27.836 -3.948 3.293 -13.800 -15.060 3.293 -27.308 -3.715
3 16 3.293 -27.836 -3.948 3.293 -28.340 -4.229 3.293 -13.800 -15.060
3 16 3.293 -28.340 -4.229 3.293 -28.816 -4.555 3.293 -13.800 -15.060
3 16 3.293 -29.261 -4.924 3.293 -13.800 -15.060 3.293 -28.816 -4.555
3 16 3.293 -29.261 -4.924 3.293 -29.669 -5.332 3.293 -13.800 -15.060
3 16 3.293 -29.669 -5.332 3.293 -30.038 -5.776 3.293 -13.800 -15.060
3 16 3.293 -30.364 -6.252 3.293 -13.800 -15.060 3.293 -30.038 -5.776
3 16 3.293 -30.364 -6.252 3.293 -30.645 -6.757 3.293 -13.800 -15.060
3 16 3.293 -30.645 -6.757 3.293 -30.878 -7.285 3.293 -13.800 -15.060
3 16 0.293 -10.050 -9.542 2.043 -15.050 -14.543 0.293 -15.050 -14.543
3 16 0.293 -10.050 -9.542 2.043 -10.050 -9.542 2.043 -15.050 -14.543
3 16 2.043 -15.050 -14.543 0.293 -15.050 -44.543 0.293 -15.050 -14.543
3 16 2.043 -15.050 -14.543 2.043 -15.050 -44.543 0.293 -15.050 -44.543
3 16 0.293 -15.050 -44.543 2.043 -10.050 -49.543 0.293 -10.050 -49.543
3 16 0.293 -15.050 -44.543 2.043 -15.050 -44.543 2.043 -10.050 -49.543
3 16 0.293 -6.300 -39.543 2.043 -6.300 -19.543 0.293 -6.300 -19.543
3 16 0.293 -6.300 -39.543 2.043 -6.300 -39.543 2.043 -6.300 -19.543
3 16 0.293 -4.300 -39.543 0.293 -6.300 -19.543 0.293 -4.300 -19.543
3 16 0.293 -4.300 -39.543 0.293 -6.300 -39.543 0.293 -6.300 -19.543
3 16 2.043 -1.300 -39.543 0.293 -4.300 -19.543 2.043 -1.300 -19.543
3 16 2.043 -1.300 -39.543 0.293 -4.300 -39.543 0.293 -4.300 -19.543
3 16 2.043 -0.050 -39.543 2.043 -1.300 -19.543 2.043 -0.050 -19.543
3 16 2.043 -0.050 -39.543 2.043 -1.300 -39.543 2.043 -1.300 -19.543
3 16 2.043 -0.050 -19.543 3.293 -0.050 -39.543 2.043 -0.050 -39.543
3 16 2.043 -0.050 -19.543 3.293 -0.050 -19.543 3.293 -0.050 -39.543
3 16 2.043 -8.800 -10.060 3.293 -13.800 -15.060 2.043 -13.800 -15.060
3 16 2.043 -8.800 -10.060 3.293 -8.800 -10.060 3.293 -13.800 -15.060
3 16 3.293 -13.800 -39.543 2.043 -6.300 -39.543 3.293 -0.050 -39.543
3 16 3.293 -13.800 -39.543 2.043 -13.800 -39.543 2.043 -6.300 -39.543
3 16 0.293 -4.300 -39.543 2.043 -6.300 -39.543 0.293 -6.300 -39.543
3 16 0.293 -4.300 -39.543 2.043 -1.300 -39.543 2.043 -6.300 -39.543
3 16 2.043 -1.300 -39.543 3.293 -0.050 -39.543 2.043 -6.300 -39.543
3 16 2.043 -1.300 -39.543 2.043 -0.050 -39.543 3.293 -0.050 -39.543
3 16 2.043 -13.800 -44.025 3.293 -8.800 -49.025 2.043 -8.800 -49.025
3 16 2.043 -13.800 -44.025 3.293 -13.800 -44.025 3.293 -8.800 -49.025
3 16 2.043 -13.800 -39.543 3.293 -13.800 -44.025 2.043 -13.800 -44.025
3 16 2.043 -13.800 -39.543 3.293 -13.800 -39.543 3.293 -13.800 -44.025
3 16 2.043 -13.800 -19.543 3.293 -13.800 -19.543 2.043 -6.300 -19.543
3 16 2.043 -0.050 -19.543 2.043 -1.300 -19.543 3.293 -0.050 -19.543
3 16 0.293 -6.300 -19.543 2.043 -1.300 -19.543 0.293 -4.300 -19.543
3 16 0.293 -6.300 -19.543 2.043 -6.300 -19.543 2.043 -1.300 -19.543
3 16 2.043 -6.300 -19.543 3.293 -0.050 -19.543 2.043 -1.300 -19.543
3 16 2.043 -6.300 -19.543 3.293 -13.800 -19.543 3.293 -0.050 -19.543
3 16 2.043 -13.800 -15.060 3.293 -13.800 -19.543 2.043 -13.800 -19.543
3 16 2.043 -13.800 -15.060 3.293 -13.800 -15.060 3.293 -13.800 -19.543
2 24 26.539 -34.300 -17.151 25.705 -34.300 -17.384
2 24 27.387 -31.300 -16.976 26.539 -31.300 -17.151
2 24 2.043 -6.300 -39.543 2.043 -6.300 -19.543
2 24 27.387 -31.300 -42.109 26.539 -31.300 -41.934
2 24 49.543 -34.300 -34.293 41.375 -34.300 -34.293
2 24 17.710 -34.300 -34.293 9.542 -34.300 -34.293
2 24 0.293 -10.050 -49.543 0.293 -15.050 -44.543
2 24 18.060 -34.300 -35.085 17.710 -34.300 -34.293
2 24 21.199 -34.300 -39.183 20.563 -34.300 -38.594
2 24 34.992 -34.300 -18.016 34.197 -34.300 -17.672
2 24 37.886 -31.300 -19.902 37.213 -31.300 -19.358
2 24 37.213 -31.300 -19.358 36.504 -31.300 -18.860
2 24 19.420 -31.300 -37.294 18.917 -31.300 -36.589
2 24 19.969 -31.300 -37.964 19.420 -31.300 -37.294
2 24 22.582 -34.300 -40.225 21.872 -34.300 -39.727
2 24 40.168 -34.300 -22.496 39.665 -34.300 -21.791
2 24 18.060 -31.300 -35.085 17.710 -31.300 -34.293
2 24 34.992 -31.300 -18.016 34.197 -31.300 -17.672
2 24 39.665 -31.300 -21.791 39.116 -31.300 -21.121
2 24 9.542 -31.300 -34.293 9.323 -31.300 -33.250
2 24 50.037 -34.300 -31.139 49.927 -34.300 -32.198
2 24 58.793 -32.533 -4.105 58.793 -32.937 -4.709
2 24 58.793 -33.847 -52.401 58.793 -34.044 -51.702
2 24 57.043 -13.800 -39.543 55.793 -13.800 -39.543
2 24 3.293 -13.800 -39.543 2.043 -13.800 -39.543
2 24 33.380 -34.300 -41.701 32.546 -34.300 -41.934
2 24 23.323 -34.300 -40.673 22.582 -34.300 -40.225
2 24 9.048 -34.300 -31.139 8.993 -34.300 -30.075
2 24 40.622 -34.300 -23.233 40.168 -34.300 -22.496
2 24 40.168 -31.300 -22.496 39.665 -31.300 -21.791
2 24 22.582 -31.300 -40.225 21.872 -31.300 -39.727
2 24 32.546 -34.300 -17.151 31.698 -34.300 -16.976
2 24 21.872 -34.300 -39.727 21.199 -34.300 -39.183
2 24 39.665 -34.300 -21.791 39.116 -34.300 -21.121
2 24 38.522 -31.300 -20.491 37.886 -31.300 -19.902
2 24 20.563 -31.300 -38.594 19.969 -31.300 -37.964
2 24 18.463 -31.300 -35.852 18.060 -31.300 -35.085
2 24 32.546 -31.300 -41.934 31.698 -31.300 -42.109
2 24 0.293 -34.300 -49.543 0.293 -34.300 -9.542
2 24 39.116 -34.300 -21.121 38.522 -34.300 -20.491
2 24 50.092 -31.300 -30.075 50.037 -31.300 -31.139
2 24 20.563 -34.300 -38.594 19.969 -34.300 -37.964
2 24 18.463 -34.300 -35.852 18.060 -34.300 -35.085
2 24 38.522 -34.300 -20.491 37.886 -34.300 -19.902
2 24 31.698 -31.300 -42.109 30.840 -31.300 -42.226
2 24 35.762 -34.300 -18.412 34.992 -34.300 -18.016
2 24 32.546 -34.300 -41.934 31.698 -34.300 -42.109
2 24 50.092 -34.300 -30.075 50.037 -34.300 -31.139
2 24 2.043 -0.050 -19.543 2.043 -1.300 -19.543
2 24 2.043 -6.300 -19.543 2.043 -13.800 -19.543
2 24 58.793 -33.596 -6.003 58.793 -33.847 -6.684
2 24 58.793 -33.847 -6.684 58.793 -34.044 -7.383
2 24 25.705 -31.300 -41.701 24.888 -31.300 -41.413
2 24 2.043 -15.050 -44.543 2.043 -15.050 -14.543
2 24 9.542 -31.300 -24.793 9.323 -31.300 -25.835
2 24 2.043 -13.800 -44.025 2.043 -13.800 -39.543
2 24 2.043 -13.800 -19.543 2.043 -13.800 -15.060
2 24 26.539 -34.300 -41.934 25.705 -34.300 -41.701
2 24 29.109 -31.300 -16.800 28.245 -31.300 -16.859
2 24 58.793 -32.937 -4.709 58.793 -33.292 -5.343
2 24 58.793 -34.186 -8.095 58.793 -34.271 -8.817
2 24 58.793 -34.300 -9.542 58.793 -34.271 -8.817
2 24 58.793 -34.271 -50.268 58.793 -34.300 -49.543
2 24 58.793 -34.186 -50.990 58.793 -34.271 -50.268
2 24 58.793 -34.300 -49.543 58.793 -34.300 -9.542
2 24 58.793 -34.044 -51.702 58.793 -34.186 -50.990
2 24 55.793 -31.300 -55.793 55.793 -31.300 -9.542
2 24 55.793 -31.300 -55.793 3.293 -31.300 -55.793
2 24 19.969 -34.300 -37.964 19.420 -34.300 -37.294
2 24 19.420 -34.300 -37.294 18.917 -34.300 -36.589
2 24 37.213 -34.300 -19.358 36.504 -34.300 -18.860
2 24 37.886 -34.300 -19.902 37.213 -34.300 -19.358
2 24 18.917 -34.300 -36.589 18.463 -34.300 -35.852
2 24 36.504 -34.300 -18.860 35.762 -34.300 -18.412
2 24 58.793 -33.292 -5.343 58.793 -33.596 -6.003
2 24 58.793 -34.044 -7.383 58.793 -34.186 -8.095
2 24 24.093 -34.300 -18.016 23.323 -34.300 -18.412
2 24 49.762 -31.300 -25.835 49.543 -31.300 -24.793
2 24 2.043 -10.050 -9.542 2.043 -15.050 -14.543
2 24 49.927 -34.300 -26.887 49.762 -34.300 -25.835
2 24 49.543 -31.300 -34.293 41.375 -31.300 -34.293
2 24 17.710 -31.300 -34.293 9.542 -31.300 -34.293
2 24 3.293 -0.050 -39.543 3.293 -0.050 -19.543
2 24 3.293 -8.800 -49.025 3.293 -13.800 -44.025
2 24 24.888 -34.300 -17.672 24.093 -34.300 -18.016
2 24 0.293 -10.050 -0.293 0.293 -25.050 -0.293
2 24 9.542 -34.300 -34.293 9.323 -34.300 -33.250
2 24 36.504 -31.300 -18.860 35.762 -31.300 -18.412
2 24 18.917 -31.300 -36.589 18.463 -31.300 -35.852
2 24 28.245 -34.300 -42.226 27.387 -34.300 -42.109
2 24 25.705 -34.300 -17.384 24.888 -34.300 -17.672
2 24 26.539 -31.300 -17.151 25.705 -31.300 -17.384
2 24 9.323 -34.300 -33.250 9.158 -34.300 -32.198
2 24 34.197 -34.300 -17.672 33.380 -34.300 -17.384
2 24 39.116 -31.300 -21.121 38.522 -31.300 -20.491
2 24 21.199 -31.300 -39.183 20.563 -31.300 -38.594
2 24 9.158 -34.300 -32.198 9.048 -34.300 -31.139
2 24 33.380 -34.300 -17.384 32.546 -34.300 -17.151
2 24 21.872 -31.300 -39.727 21.199 -31.300 -39.183
2 24 3.293 -8.800 -55.793 3.293 -8.800 -49.025
2 24 3.293 -8.800 -10.060 3.293 -8.800 -3.293
2 24 55.793 -8.800 -3.293 3.293 -8.800 -3.293
2 24 8.993 -34.300 -30.075 8.993 -34.300 -29.010
2 24 9.048 -34.300 -27.946 8.993 -34.300 -29.010
2 24 41.025 -31.300 -24.000 40.622 -31.300 -23.233
2 24 9.158 -34.300 -26.887 9.048 -34.300 -27.946
2 24 24.888 -34.300 -41.413 24.093 -34.300 -41.069
2 24 9.323 -34.300 -25.835 9.158 -34.300 -26.887
2 24 41.375 -31.300 -24.793 41.025 -31.300 -24.000
2 24 30.840 -31.300 -16.859 29.976 -31.300 -16.800
2 24 24.888 -31.300 -41.413 24.093 -31.300 -41.069
2 24 9.542 -34.300 -24.793 9.323 -34.300 -25.835
2 24 25.705 -34.300 -41.701 24.888 -34.300 -41.413
2 24 0.293 -15.050 -44.543 0.293 -15.050 -14.543
2 24 58.793 -6.300 -19.543 57.043 -6.300 -19.543
2 24 2.043 -6.300 -19.543 0.293 -6.300 -19.543
2 24 50.092 -34.300 -30.075 50.092 -34.300 -29.010
2 24 30.840 -31.300 -42.226 29.976 -31.300 -42.285
2 24 28.245 -34.300 -16.859 27.387 -34.300 -16.976
2 24 3.293 -13.800 -44.025 3.293 -13.800 -39.543
2 24 3.293 -13.800 -19.543 3.293 -13.800 -15.060
2 24 31.698 -34.300 -42.109 30.840 -34.300 -42.226
2 24 50.092 -31.300 -29.010 50.037 -31.300 -27.946
2 24 0.293 -10.050 -58.793 0.293 -10.050 -49.543
2 24 0.293 -10.050 -9.542 0.293 -10.050 -0.293
2 24 58.793 -10.050 -0.293 57.043 -10.050 -2.043
2 24 27.387 -34.300 -42.109 26.539 -34.300 -41.934
2 24 2.043 -8.800 -57.043 2.043 -8.800 -49.025
2 24 2.043 -8.800 -10.060 2.043 -8.800 -2.043
2 24 57.043 -8.800 -2.043 55.793 -8.800 -3.293
2 24 49.543 -31.300 -24.793 41.375 -31.300 -24.793
2 24 17.710 -31.300 -24.793 9.542 -31.300 -24.793
2 24 19.420 -34.300 -21.791 18.917 -34.300 -22.496
2 24 22.582 -34.300 -18.860 21.872 -34.300 -19.358
2 24 49.927 -31.300 -26.887 49.762 -31.300 -25.835
2 24 29.109 -31.300 -42.285 28.245 -31.300 -42.226
2 24 3.293 -8.800 -3.293 3.293 -31.300 -3.293
2 24 21.872 -34.300 -19.358 21.199 -34.300 -19.902
2 24 18.463 -31.300 -23.233 18.060 -31.300 -24.000
2 24 18.917 -34.300 -22.496 18.463 -34.300 -23.233
2 24 57.043 -13.800 -19.543 55.793 -13.800 -19.543
2 24 3.293 -13.800 -19.543 2.043 -13.800 -19.543
2 24 24.093 -31.300 -18.016 23.323 -31.300 -18.412
2 24 3.293 -8.800 -10.060 3.293 -13.800 -15.060
2 24 23.323 -34.300 -18.412 22.582 -34.300 -18.860
2 24 18.060 -31.300 -24.000 17.710 -31.300 -24.793
2 24 9.158 -31.300 -26.887 9.048 -31.300 -27.946
2 24 41.375 -34.300 -24.793 41.025 -34.300 -24.000
2 24 24.093 -34.300 -41.069 23.323 -34.300 -40.673
2 24 31.698 -34.300 -16.976 30.840 -34.300 -16.859
2 24 32.546 -31.300 -17.151 31.698 -31.300 -16.976
2 24 23.323 -31.300 -40.673 22.582 -31.300 -40.225
2 24 49.543 -34.300 -24.793 41.375 -34.300 -24.793
2 24 17.710 -34.300 -24.793 9.542 -34.300 -24.793
2 24 18.060 -34.300 -24.000 17.710 -34.300 -24.793
2 24 2.043 -8.800 -49.025 2.043 -13.800 -44.025
2 24 2.043 -10.050 -49.543 2.043 -15.050 -44.543
2 24 2.043 -0.050 -39.543 2.043 -0.050 -19.543
2 24 18.463 -34.300 -23.233 18.060 -34.300 -24.000
2 24 2.043 -8.800 -2.043 2.043 -10.050 -2.043
2 24 19.969 -34.300 -21.121 19.420 -34.300 -21.791
2 24 21.199 -34.300 -19.902 20.563 -34.300 -20.491
2 24 50.037 -34.300 -27.946 49.927 -34.300 -26.887
2 24 23.323 -31.300 -18.412 22.582 -31.300 -18.860
2 24 21.872 -31.300 -19.358 21.199 -31.300 -19.902
2 24 19.420 -31.300 -21.791 18.917 -31.300 -22.496
2 24 37.886 -34.300 -39.183 37.213 -34.300 -39.727
2 24 58.793 -32.533 -54.980 58.793 -32.937 -54.376
2 24 57.043 -13.800 -44.025 57.043 -13.800 -39.543
2 24 57.043 -13.800 -19.543 57.043 -13.800 -15.060
2 24 36.504 -31.300 -40.225 35.762 -31.300 -40.673
2 24 17.710 -31.300 -24.793 17.710 -34.300 -24.793
2 24 3.293 -0.050 -39.543 3.293 -13.800 -39.543
2 24 39.665 -34.300 -37.294 39.116 -34.300 -37.964
2 24 38.522 -34.300 -38.594 37.886 -34.300 -39.183
2 24 58.793 -15.050 -44.543 58.793 -15.050 -14.543
2 24 40.622 -31.300 -35.852 40.168 -31.300 -36.589
2 24 49.762 -34.300 -25.835 49.543 -34.300 -24.793
2 24 58.793 -10.050 -9.542 57.043 -10.050 -9.542
2 24 2.043 -10.050 -9.542 0.293 -10.050 -9.542
2 24 58.793 -15.050 -14.543 57.043 -15.050 -14.543
2 24 2.043 -15.050 -14.543 0.293 -15.050 -14.543
2 24 24.888 -31.300 -17.672 24.093 -31.300 -18.016
2 24 24.093 -31.300 -41.069 23.323 -31.300 -40.673
2 24 31.698 -31.300 -16.976 30.840 -31.300 -16.859
2 24 58.793 -33.596 -53.082 58.793 -33.847 -52.401
2 24 50.037 -31.300 -31.139 49.927 -31.300 -32.198
2 24 49.927 -34.300 -32.198 49.762 -34.300 -33.250
2 24 58.793 -15.050 -44.543 57.043 -15.050 -44.543
2 24 2.043 -15.050 -44.543 0.293 -15.050 -44.543
2 24 33.380 -31.300 -41.701 32.546 -31.300 -41.934
2 24 41.025 -34.300 -24.000 40.622 -34.300 -23.233
2 24 40.622 -31.300 -23.233 40.168 -31.300 -22.496
2 24 9.048 -31.300 -31.139 8.993 -31.300 -30.075
2 24 58.793 -31.591 -3.002 58.793 -32.084 -3.535
2 24 57.043 -13.800 -44.025 55.793 -13.800 -44.025
2 24 3.293 -13.800 -44.025 2.043 -13.800 -44.025
2 24 33.380 -31.300 -17.384 32.546 -31.300 -17.151
2 24 9.158 -31.300 -32.198 9.048 -31.300 -31.139
2 24 49.762 -34.300 -33.250 49.543 -34.300 -34.293
2 24 58.793 -6.300 -39.543 57.043 -6.300 -39.543
2 24 2.043 -6.300 -39.543 0.293 -6.300 -39.543
2 24 34.197 -31.300 -41.413 33.380 -31.300 -41.701
2 24 41.375 -34.300 -34.293 41.025 -34.300 -35.085
2 24 58.793 -30.487 -2.059 58.793 -31.057 -2.509
2 24 41.025 -34.300 -35.085 40.622 -34.300 -35.852
2 24 58.793 -29.883 -1.656 58.793 -30.487 -2.059
2 24 41.375 -31.300 -34.293 41.025 -31.300 -35.085
2 24 40.622 -34.300 -35.852 40.168 -34.300 -36.589
2 24 57.043 -8.800 -49.025 55.793 -8.800 -49.025
2 24 3.293 -8.800 -49.025 2.043 -8.800 -49.025
2 24 35.762 -31.300 -40.673 34.992 -31.300 -41.069
2 24 2.043 -1.300 -39.543 0.293 -4.300 -39.543
2 24 35.762 -31.300 -18.412 34.992 -31.300 -18.016
2 24 40.168 -34.300 -36.589 39.665 -34.300 -37.294
2 24 37.213 -34.300 -39.727 36.504 -34.300 -40.225
2 24 58.793 -29.249 -1.301 58.793 -29.883 -1.656
2 24 55.793 -13.800 -44.025 55.793 -13.800 -39.543
2 24 55.793 -13.800 -19.543 55.793 -13.800 -15.060
2 24 57.043 -15.050 -44.543 57.043 -15.050 -14.543
2 24 2.043 -0.050 -39.543 2.043 -1.300 -39.543
2 24 2.043 -6.300 -39.543 2.043 -13.800 -39.543
2 24 34.197 -31.300 -17.672 33.380 -31.300 -17.384
2 24 3.293 -31.300 -55.793 3.293 -31.300 -3.293
2 24 9.323 -31.300 -33.250 9.158 -31.300 -32.198
2 24 55.793 -31.300 -3.293 3.293 -31.300 -3.293
2 24 39.116 -34.300 -37.964 38.522 -34.300 -38.594
2 24 9.542 -31.300 -34.293 9.542 -34.300 -34.293
2 24 20.563 -34.300 -20.491 19.969 -34.300 -21.121
2 24 50.092 -34.300 -29.010 50.037 -34.300 -27.946
2 24 41.025 -31.300 -35.085 40.622 -31.300 -35.852
2 24 36.504 -34.300 -40.225 35.762 -34.300 -40.673
2 24 58.793 -10.050 -49.543 57.043 -10.050 -49.543
2 24 2.043 -10.050 -49.543 0.293 -10.050 -49.543
2 24 57.043 -0.050 -39.543 55.793 -0.050 -39.543
2 24 3.293 -0.050 -39.543 2.043 -0.050 -39.543
2 24 0.293 -4.300 -39.543 0.293 -6.300 -39.543
2 24 9.048 -31.300 -27.946 8.993 -31.300 -29.010
2 24 35.762 -34.300 -40.673 34.992 -34.300 -41.069
2 24 58.793 -32.937 -54.376 58.793 -33.292 -53.742
2 24 34.992 -31.300 -41.069 34.197 -31.300 -41.413
2 24 34.992 -34.300 -41.069 34.197 -34.300 -41.413
2 24 29.976 -31.300 -16.800 29.109 -31.300 -16.800
2 24 9.323 -31.300 -25.835 9.158 -31.300 -26.887
2 24 34.197 -34.300 -41.413 33.380 -34.300 -41.701
2 24 2.043 -8.800 -10.060 2.043 -13.800 -15.060
2 24 27.387 -34.300 -16.976 26.539 -34.300 -17.151
2 24 2.043 -10.050 -57.043 2.043 -10.050 -49.543
2 24 2.043 -10.050 -9.542 2.043 -10.050 -2.043
2 24 57.043 -10.050 -2.043 2.043 -10.050 -2.043
2 24 26.539 -31.300 -41.934 25.705 -31.300 -41.701
2 24 28.245 -31.300 -16.859 27.387 -31.300 -16.976
2 24 0.293 -6.300 -39.543 0.293 -6.300 -19.543
2 24 0.293 -10.050 -9.542 0.293 -15.050 -14.543
2 24 28.245 -31.300 -42.226 27.387 -31.300 -42.109
2 24 25.705 -31.300 -17.384 24.888 -31.300 -17.672
2 24 58.793 -25.050 -0.293 58.793 -25.776 -0.321
2 24 55.793 -8.800 -10.060 55.793 -13.800 -15.060
2 24 57.043 -10.050 -9.542 57.043 -15.050 -14.543
2 24 58.793 -10.050 -49.543 58.793 -15.050 -44.543
2 24 58.793 -25.776 -0.321 58.793 -26.497 -0.406
2 24 55.793 -0.050 -39.543 55.793 -0.050 -19.543
2 24 58.793 -26.497 -0.406 58.793 -27.209 -0.548
2 24 58.793 -27.209 -0.548 58.793 -27.908 -0.745
2 24 57.043 -6.300 -39.543 57.043 -6.300 -19.543
2 24 58.793 -27.908 -0.745 58.793 -28.590 -0.997
2 24 57.043 -8.800 -57.043 57.043 -8.800 -49.025
2 24 57.043 -8.800 -10.060 57.043 -8.800 -2.043
2 24 57.043 -8.800 -57.043 2.043 -8.800 -57.043
2 24 58.793 -28.590 -0.997 58.793 -29.249 -1.301
2 24 37.213 -31.300 -39.727 36.504 -31.300 -40.225
2 24 40.168 -31.300 -36.589 39.665 -31.300 -37.294
2 24 58.793 -31.057 -2.509 58.793 -31.591 -3.002
2 24 58.793 -33.292 -53.742 58.793 -33.596 -53.082
2 24 49.927 -31.300 -32.198 49.762 -31.300 -33.250
2 24 58.793 -32.084 -3.535 58.793 -32.533 -4.105
2 24 3.293 -0.050 -19.543 3.293 -13.800 -19.543
2 24 58.793 -32.084 -55.550 58.793 -32.533 -54.980
2 24 58.793 -10.050 -58.793 58.793 -10.050 -49.543
2 24 58.793 -10.050 -9.542 58.793 -10.050 -0.293
2 24 58.793 -10.050 -58.793 0.293 -10.050 -58.793
2 24 0.293 -4.300 -19.543 0.293 -6.300 -19.543
2 24 2.043 -1.300 -19.543 0.293 -4.300 -19.543
2 24 0.293 -10.050 -58.793 0.293 -25.050 -58.793
2 24 58.793 -10.050 -0.293 58.793 -25.050 -0.293
2 24 55.793 -8.800 -3.293 55.793 -31.300 -3.293
2 24 57.043 -8.800 -2.043 57.043 -10.050 -2.043
2 24 2.043 -8.800 -57.043 2.043 -10.050 -57.043
2 24 3.293 -8.800 -55.793 3.293 -31.300 -55.793
2 24 58.793 -10.050 -9.542 58.793 -15.050 -14.543
2 24 57.043 -8.800 -10.060 57.043 -13.800 -15.060
2 24 29.976 -31.300 -42.285 29.109 -31.300 -42.285
2 24 21.199 -31.300 -19.902 20.563 -31.300 -20.491
2 24 20.563 -31.300 -20.491 19.969 -31.300 -21.121
2 24 50.037 -31.300 -27.946 49.927 -31.300 -26.887
2 24 19.969 -31.300 -21.121 19.420 -31.300 -21.791
2 24 22.582 -31.300 -18.860 21.872 -31.300 -19.358
2 24 18.917 -31.300 -22.496 18.463 -31.300 -23.233
2 24 9.542 -31.300 -24.793 9.542 -34.300 -24.793
2 24 49.762 -31.300 -33.250 49.543 -31.300 -34.293
2 24 37.886 -31.300 -39.183 37.213 -31.300 -39.727
2 24 38.522 -31.300 -38.594 37.886 -31.300 -39.183
2 24 39.665 -31.300 -37.294 39.116 -31.300 -37.964
2 24 55.793 -8.800 -55.793 55.793 -8.800 -49.025
2 24 55.793 -8.800 -10.060 55.793 -8.800 -3.293
2 24 55.793 -8.800 -55.793 3.293 -8.800 -55.793
2 24 57.043 -10.050 -57.043 57.043 -10.050 -49.543
2 24 57.043 -10.050 -9.542 57.043 -10.050 -2.043
2 24 57.043 -10.050 -57.043 2.043 -10.050 -57.043
2 24 39.116 -31.300 -37.964 38.522 -31.300 -38.594
2 24 57.043 -0.050 -19.543 55.793 -0.050 -19.543
2 24 3.293 -0.050 -19.543 2.043 -0.050 -19.543
2 24 58.793 -31.591 -56.083 58.793 -32.084 -55.550
2 24 58.793 -31.057 -56.576 58.793 -31.591 -56.083
2 24 58.793 -30.487 -57.026 58.793 -31.057 -56.576
2 24 58.793 -29.883 -57.429 58.793 -30.487 -57.026
2 24 41.375 -31.300 -34.293 41.375 -34.300 -34.293
2 24 57.043 -0.050 -19.543 57.043 -1.300 -19.543
2 24 57.043 -6.300 -19.543 57.043 -13.800 -19.543
2 24 58.793 -29.249 -57.784 58.793 -29.883 -57.429
2 24 58.793 -28.590 -58.088 58.793 -29.249 -57.784
2 24 58.793 -27.908 -58.340 58.793 -28.590 -58.088
2 24 57.043 -0.050 -39.543 57.043 -1.300 -39.543
2 24 57.043 -6.300 -39.543 57.043 -13.800 -39.543
2 24 58.793 -27.209 -58.537 58.793 -27.908 -58.340
2 24 58.793 -26.497 -58.679 58.793 -27.209 -58.537
2 24 58.793 -25.776 -58.764 58.793 -26.497 -58.679
2 24 58.793 -25.050 -58.793 58.793 -25.776 -58.764
2 24 58.793 -4.300 -19.543 57.043 -1.300 -19.543
2 24 58.793 -10.050 -58.793 58.793 -25.050 -58.793
2 24 58.793 -4.300 -19.543 58.793 -6.300 -19.543
2 24 58.793 -4.300 -39.543 57.043 -1.300 -39.543
2 24 58.793 -4.300 -39.543 58.793 -6.300 -39.543
2 24 55.793 -8.800 -49.025 55.793 -13.800 -44.025
2 24 57.043 -10.050 -49.543 57.043 -15.050 -44.543
2 24 57.043 -8.800 -49.025 57.043 -13.800 -44.025
2 24 41.375 -31.300 -24.793 41.375 -34.300 -24.793
2 24 55.793 -0.050 -39.543 55.793 -13.800 -39.543
2 24 55.793 -0.050 -19.543 55.793 -13.800 -19.543
2 24 55.793 -8.800 -55.793 55.793 -31.300 -55.793
2 24 57.043 -0.050 -39.543 57.043 -0.050 -19.543
2 24 57.043 -8.800 -10.060 55.793 -8.800 -10.060
2 24 3.293 -8.800 -10.060 2.043 -8.800 -10.060
2 24 57.043 -13.800 -15.060 55.793 -13.800 -15.060
2 24 3.293 -13.800 -15.060 2.043 -13.800 -15.060
2 24 58.793 -6.300 -39.543 58.793 -6.300 -19.543
2 24 17.710 -31.300 -34.293 17.710 -34.300 -34.293
2 24 57.043 -8.800 -57.043 57.043 -10.050 -57.043
2 24 49.543 -31.300 -24.793 49.543 -34.300 -24.793
2 24 49.543 -31.300 -34.293 49.543 -34.300 -34.293
